T	Quality	Internal Energy
80	0	334.9486951
81	0	339.1463055
82	0	343.3448275
83	0	347.5442828
84	0	351.7446934
85	0	355.946081
86	0	360.1484677
87	0	364.3518754
88	0	368.5563261
89	0	372.7618417
90	0	376.9684443
91	0	381.1761561
92	0	385.3849993
93	0	389.594996
94	0	393.8061686
95	0	398.0185395
96	0	402.232131
97	0	406.4469656
98	0	410.6630661
99	0	414.8804549
100	0	419.099155
101	0	423.3191891
102	0	427.5405802
103	0	431.7633514
104	0	435.9875259
105	0	440.2131268
106	0	444.4401777
107	0	448.6687021
108	0	452.8987236
109	0	457.1302659
110	0	461.3633531
111	0	465.5980093
112	0	469.8342585
113	0	474.0721253
114	0	478.3116342
115	0	482.5528098
116	0	486.7956772
117	0	491.0402612
118	0	495.2865872
119	0	499.5346806
120	0	503.7845671
121	0	508.0362724
122	0	512.2898226
123	0	516.545244
124	0	520.802563
125	0	525.0618062
126	0	529.3230006
127	0	533.5861734
128	0	537.8513519
129	0	542.1185637
130	0	546.3878368
131	0	550.6591992
132	0	554.9326794
133	0	559.208306
134	0	563.4861081
135	0	567.7661147
136	0	572.0483554
137	0	576.33286
138	0	580.6196586
139	0	584.9087816
140	0	589.2002596
141	0	593.4941239
142	0	597.7904055
143	0	602.0891364
144	0	606.3903483
145	0	610.6940738
146	0	615.0003455
147	0	619.3091963
148	0	623.6206598
149	0	627.9347697
150	0	632.2515601
151	0	636.5710655
152	0	640.8933209
153	0	645.2183615
154	0	649.5462229
155	0	653.8769414
156	0	658.2105532
157	0	662.5470955
158	0	666.8866054
159	0	671.2291208
160	0	675.5746799
161	0	679.9233212
162	0	684.2750838
163	0	688.6300074
164	0	692.9881319
165	0	697.3494977
166	0	701.7141459
167	0	706.0821178
168	0	710.4534554
169	0	714.8282011
170	0	719.2063979
171	0	723.5880892
172	0	727.973319
173	0	732.3621318
174	0	736.7545725
175	0	741.1506869
176	0	745.5505211
177	0	749.9541217
178	0	754.3615361
179	0	758.7728121
180	0	763.1879982
181	0	767.6071434
182	0	772.0302973
183	0	776.4575103
184	0	780.8888332
185	0	785.3243176
186	0	789.7640157
187	0	794.2079802
188	0	798.6562647
189	0	803.1089234
190	0	807.5660112
191	0	812.0275835
192	0	816.4936967
193	0	820.9644077
194	0	825.4397743
195	0	829.919855
196	0	834.4047088
197	0	838.8943959
198	0	843.388977
199	0	847.8885136
200	0	852.3930681
201	0	856.9027037
202	0	861.4174843
203	0	865.9374749
204	0	870.4627411
205	0	874.9933496
206	0	879.5293679
207	0	884.0708642
208	0	888.617908
209	0	893.1705694
210	0	897.7289198
211	0	902.2930312
212	0	906.8629769
213	0	911.438831
214	0	916.0206687
215	0	920.6085664
216	0	925.2026013
217	0	929.8028519
218	0	934.4093977
219	0	939.0223194
220	0	943.6416987
221	0	948.2676187
222	0	952.9001636
223	0	957.5394189
224	0	962.1854711
225	0	966.8384083
226	0	971.4983198
227	0	976.1652962
228	0	980.8394294
229	0	985.5208129
230	0	990.2095414
231	0	994.9057113
232	0	999.6094203
233	0	1004.320768
234	0	1009.039854
235	0	1013.766783
236	0	1018.501657
237	0	1023.244583
238	0	1027.995668
239	0	1032.755022
240	0	1037.522755
241	0	1042.298981
242	0	1047.083814
243	0	1051.877372
244	0	1056.679773
245	0	1061.491138
246	0	1066.311591
247	0	1071.141256
248	0	1075.980261
249	0	1080.828736
250	0	1085.686813
251	0	1090.554626
252	0	1095.432314
253	0	1100.320016
254	0	1105.217873
255	0	1110.126032
256	0	1115.04464
257	0	1119.973849
258	0	1124.913811
259	0	1129.864686
260	0	1134.826632
261	0	1139.799813
262	0	1144.784397
263	0	1149.780553
264	0	1154.788457
265	0	1159.808287
266	0	1164.840223
267	0	1169.884453
268	0	1174.941166
269	0	1180.010556
270	0	1185.092824
271	0	1190.188171
272	0	1195.296807
273	0	1200.418945
274	0	1205.554803
275	0	1210.704605
276	0	1215.868581
277	0	1221.046964
278	0	1226.239996
279	0	1231.447924
280	0	1236.671001
281	0	1241.909487
282	0	1247.163648
283	0	1252.433759
284	0	1257.7201
285	0	1263.022961
286	0	1268.342637
287	0	1273.679433
288	0	1279.033663
289	0	1284.405649
290	0	1289.795721
291	0	1295.204221
292	0	1300.631498
293	0	1306.077915
294	0	1311.54384
295	0	1317.029658
296	0	1322.535762
297	0	1328.062558
298	0	1333.610463
299	0	1339.179909
300	0	1344.771339
301	0	1350.385213
302	0	1356.022003
303	0	1361.682197
304	0	1367.3663
305	0	1373.074831
306	0	1378.808331
307	0	1384.567354
308	0	1390.352477
309	0	1396.164295
310	0	1402.003427
80	0.1	565.7552606
81	0.1	569.7001696
82	0.1	573.6454918
83	0.1	577.59124
84	0.1	581.5374271
85	0.1	585.4840658
86	0.1	589.4311689
87	0.1	593.3787491
88	0.1	597.3268191
89	0.1	601.2753914
90	0.1	605.2244787
91	0.1	609.1740936
92	0.1	613.1242487
93	0.1	617.0749565
94	0.1	621.0262296
95	0.1	624.9780805
96	0.1	628.9305218
97	0.1	632.883566
98	0.1	636.8372258
99	0.1	640.7915137
100	0.1	644.7464424
101	0.1	648.7020245
102	0.1	652.6582728
103	0.1	656.6151999
104	0.1	660.5728187
105	0.1	664.531142
106	0.1	668.4901827
107	0.1	672.4499539
108	0.1	676.4104686
109	0.1	680.3717399
110	0.1	684.3337812
111	0.1	688.2966056
112	0.1	692.2602269
113	0.1	696.2246584
114	0.1	700.1899139
115	0.1	704.1560072
116	0.1	708.1229523
117	0.1	712.0907633
118	0.1	716.0594544
119	0.1	720.0290402
120	0.1	723.9995351
121	0.1	727.970954
122	0.1	731.9433119
123	0.1	735.9166237
124	0.1	739.890905
125	0.1	743.8661712
126	0.1	747.8424382
127	0.1	751.8197217
128	0.1	755.7980382
129	0.1	759.777404
130	0.1	763.7578357
131	0.1	767.7393503
132	0.1	771.7219649
133	0.1	775.7056969
134	0.1	779.6905641
135	0.1	783.6765843
136	0.1	787.6637757
137	0.1	791.6521569
138	0.1	795.6417466
139	0.1	799.6325639
140	0.1	803.6246281
141	0.1	807.6179587
142	0.1	811.6125759
143	0.1	815.6084997
144	0.1	819.6057507
145	0.1	823.6043499
146	0.1	827.6043182
147	0.1	831.6056773
148	0.1	835.6084489
149	0.1	839.6126551
150	0.1	843.6183184
151	0.1	847.6254615
152	0.1	851.6341075
153	0.1	855.6442799
154	0.1	859.6560025
155	0.1	863.6692993
156	0.1	867.6841948
157	0.1	871.7007138
158	0.1	875.7188815
159	0.1	879.7387232
160	0.1	883.760265
161	0.1	887.7835329
162	0.1	891.8085535
163	0.1	895.8353538
164	0.1	899.863961
165	0.1	903.8944027
166	0.1	907.9267071
167	0.1	911.9609024
168	0.1	915.9970174
169	0.1	920.0350813
170	0.1	924.0751236
171	0.1	928.1171743
172	0.1	932.1612636
173	0.1	936.2074222
174	0.1	940.2556813
175	0.1	944.3060724
176	0.1	948.3586274
177	0.1	952.4133786
178	0.1	956.4703588
179	0.1	960.5296012
180	0.1	964.5911394
181	0.1	968.6550075
182	0.1	972.72124
183	0.1	976.7898718
184	0.1	980.8609384
185	0.1	984.9344756
186	0.1	989.0105198
187	0.1	993.0891078
188	0.1	997.170277
189	0.1	1001.254065
190	0.1	1005.34051
191	0.1	1009.429652
192	0.1	1013.521529
193	0.1	1017.616181
194	0.1	1021.713649
195	0.1	1025.813973
196	0.1	1029.917196
197	0.1	1034.023359
198	0.1	1038.132504
199	0.1	1042.244676
200	0.1	1046.359918
201	0.1	1050.478274
202	0.1	1054.599789
203	0.1	1058.724509
204	0.1	1062.852481
205	0.1	1066.983751
206	0.1	1071.118366
207	0.1	1075.256376
208	0.1	1079.397829
209	0.1	1083.542774
210	0.1	1087.691263
211	0.1	1091.843345
212	0.1	1095.999074
213	0.1	1100.158501
214	0.1	1104.32168
215	0.1	1108.488665
216	0.1	1112.659511
217	0.1	1116.834273
218	0.1	1121.013008
219	0.1	1125.195774
220	0.1	1129.382629
221	0.1	1133.573631
222	0.1	1137.768841
223	0.1	1141.96832
224	0.1	1146.17213
225	0.1	1150.380333
226	0.1	1154.592993
227	0.1	1158.810175
228	0.1	1163.031945
229	0.1	1167.25837
230	0.1	1171.489517
231	0.1	1175.725455
232	0.1	1179.966256
233	0.1	1184.211989
234	0.1	1188.462727
235	0.1	1192.718544
236	0.1	1196.979515
237	0.1	1201.245716
238	0.1	1205.517223
239	0.1	1209.794117
240	0.1	1214.076477
241	0.1	1218.364383
242	0.1	1222.65792
243	0.1	1226.957172
244	0.1	1231.262223
245	0.1	1235.573162
246	0.1	1239.890077
247	0.1	1244.21306
248	0.1	1248.542201
249	0.1	1252.877596
250	0.1	1257.219338
251	0.1	1261.567527
252	0.1	1265.922262
253	0.1	1270.283642
254	0.1	1274.651772
255	0.1	1279.026757
256	0.1	1283.408704
257	0.1	1287.797722
258	0.1	1292.193924
259	0.1	1296.597421
260	0.1	1301.008332
261	0.1	1305.426774
262	0.1	1309.852869
263	0.1	1314.28674
264	0.1	1318.728513
265	0.1	1323.178318
266	0.1	1327.636285
267	0.1	1332.102551
268	0.1	1336.577252
269	0.1	1341.06053
270	0.1	1345.552528
271	0.1	1350.053393
272	0.1	1354.563278
273	0.1	1359.082335
274	0.1	1363.610723
275	0.1	1368.148603
276	0.1	1372.696143
277	0.1	1377.25351
278	0.1	1381.820881
279	0.1	1386.398432
280	0.1	1390.986347
281	0.1	1395.584814
282	0.1	1400.194025
283	0.1	1404.814179
284	0.1	1409.445479
285	0.1	1414.088132
286	0.1	1418.742353
287	0.1	1423.408362
288	0.1	1428.086386
289	0.1	1432.776657
290	0.1	1437.479414
291	0.1	1442.194903
292	0.1	1446.923377
293	0.1	1451.665097
294	0.1	1456.42033
295	0.1	1461.189354
296	0.1	1465.972452
297	0.1	1470.769917
298	0.1	1475.582051
299	0.1	1480.409165
300	0.1	1485.251579
301	0.1	1490.109625
302	0.1	1494.983643
303	0.1	1499.873985
304	0.1	1504.781015
305	0.1	1509.705107
306	0.1	1514.646648
307	0.1	1519.606039
308	0.1	1524.583694
309	0.1	1529.580039
310	0.1	1534.595518
80	0.2	796.5618261
81	0.2	800.2540337
82	0.2	803.9461561
83	0.2	807.6381972
84	0.2	811.3301608
85	0.2	815.0220506
86	0.2	818.7138701
87	0.2	822.4056228
88	0.2	826.0973121
89	0.2	829.7889411
90	0.2	833.4805131
91	0.2	837.1720311
92	0.2	840.8634981
93	0.2	844.5549169
94	0.2	848.2462905
95	0.2	851.9376215
96	0.2	855.6289125
97	0.2	859.3201664
98	0.2	863.0113855
99	0.2	866.7025725
100	0.2	870.3937298
101	0.2	874.08486
102	0.2	877.7759653
103	0.2	881.4670484
104	0.2	885.1581115
105	0.2	888.8491572
106	0.2	892.5401878
107	0.2	896.2312057
108	0.2	899.9222136
109	0.2	903.6132139
110	0.2	907.3042092
111	0.2	910.995202
112	0.2	914.6861952
113	0.2	918.3771914
114	0.2	922.0681935
115	0.2	925.7592045
116	0.2	929.4502274
117	0.2	933.1412653
118	0.2	936.8323216
119	0.2	940.5233997
120	0.2	944.2145032
121	0.2	947.9056357
122	0.2	951.5968011
123	0.2	955.2880035
124	0.2	958.9792471
125	0.2	962.6705363
126	0.2	966.3618757
127	0.2	970.0532701
128	0.2	973.7447245
129	0.2	977.4362442
130	0.2	981.1278346
131	0.2	984.8195013
132	0.2	988.5112503
133	0.2	992.2030878
134	0.2	995.8950201
135	0.2	999.5870539
136	0.2	1003.279196
137	0.2	1006.971454
138	0.2	1010.663835
139	0.2	1014.356346
140	0.2	1018.048996
141	0.2	1021.741794
142	0.2	1025.434746
143	0.2	1029.127863
144	0.2	1032.821153
145	0.2	1036.514626
146	0.2	1040.208291
147	0.2	1043.902158
148	0.2	1047.596238
149	0.2	1051.29054
150	0.2	1054.985077
151	0.2	1058.679857
152	0.2	1062.374894
153	0.2	1066.070198
154	0.2	1069.765782
155	0.2	1073.461657
156	0.2	1077.157836
157	0.2	1080.854332
158	0.2	1084.551157
159	0.2	1088.248326
160	0.2	1091.94585
161	0.2	1095.643745
162	0.2	1099.342023
163	0.2	1103.0407
164	0.2	1106.73979
165	0.2	1110.439308
166	0.2	1114.139268
167	0.2	1117.839687
168	0.2	1121.540579
169	0.2	1125.241961
170	0.2	1128.943849
171	0.2	1132.646259
172	0.2	1136.349208
173	0.2	1140.052713
174	0.2	1143.75679
175	0.2	1147.461458
176	0.2	1151.166734
177	0.2	1154.872635
178	0.2	1158.579181
179	0.2	1162.28639
180	0.2	1165.994281
181	0.2	1169.702872
182	0.2	1173.412183
183	0.2	1177.122233
184	0.2	1180.833044
185	0.2	1184.544634
186	0.2	1188.257024
187	0.2	1191.970235
188	0.2	1195.684289
189	0.2	1199.399207
190	0.2	1203.11501
191	0.2	1206.83172
192	0.2	1210.549361
193	0.2	1214.267954
194	0.2	1217.987523
195	0.2	1221.708091
196	0.2	1225.429683
197	0.2	1229.152321
198	0.2	1232.876032
199	0.2	1236.600838
200	0.2	1240.326767
201	0.2	1244.053844
202	0.2	1247.782094
203	0.2	1251.511543
204	0.2	1255.24222
205	0.2	1258.974152
206	0.2	1262.707365
207	0.2	1266.441888
208	0.2	1270.177749
209	0.2	1273.914979
210	0.2	1277.653606
211	0.2	1281.39366
212	0.2	1285.135171
213	0.2	1288.878171
214	0.2	1292.622691
215	0.2	1296.368764
216	0.2	1300.11642
217	0.2	1303.865694
218	0.2	1307.616619
219	0.2	1311.369229
220	0.2	1315.123559
221	0.2	1318.879644
222	0.2	1322.637519
223	0.2	1326.397222
224	0.2	1330.158789
225	0.2	1333.922258
226	0.2	1337.687666
227	0.2	1341.455054
228	0.2	1345.224461
229	0.2	1348.995927
230	0.2	1352.769492
231	0.2	1356.5452
232	0.2	1360.323091
233	0.2	1364.10321
234	0.2	1367.8856
235	0.2	1371.670306
236	0.2	1375.457373
237	0.2	1379.246848
238	0.2	1383.038779
239	0.2	1386.833213
240	0.2	1390.630198
241	0.2	1394.429786
242	0.2	1398.232026
243	0.2	1402.036971
244	0.2	1405.844673
245	0.2	1409.655186
246	0.2	1413.468564
247	0.2	1417.284864
248	0.2	1421.104142
249	0.2	1424.926455
250	0.2	1428.751864
251	0.2	1432.580428
252	0.2	1436.412209
253	0.2	1440.247269
254	0.2	1444.085672
255	0.2	1447.927483
256	0.2	1451.772768
257	0.2	1455.621596
258	0.2	1459.474036
259	0.2	1463.330157
260	0.2	1467.190033
261	0.2	1471.053736
262	0.2	1474.921341
263	0.2	1478.792926
264	0.2	1482.668569
265	0.2	1486.548348
266	0.2	1490.432347
267	0.2	1494.320649
268	0.2	1498.213338
269	0.2	1502.110503
270	0.2	1506.012231
271	0.2	1509.918615
272	0.2	1513.829748
273	0.2	1517.745724
274	0.2	1521.666642
275	0.2	1525.592601
276	0.2	1529.523705
277	0.2	1533.460057
278	0.2	1537.401765
279	0.2	1541.34894
280	0.2	1545.301693
281	0.2	1549.260141
282	0.2	1553.224403
283	0.2	1557.1946
284	0.2	1561.170857
285	0.2	1565.153303
286	0.2	1569.142069
287	0.2	1573.137291
288	0.2	1577.139109
289	0.2	1581.147665
290	0.2	1585.163106
291	0.2	1589.185584
292	0.2	1593.215255
293	0.2	1597.252279
294	0.2	1601.29682
295	0.2	1605.34905
296	0.2	1609.409142
297	0.2	1613.477276
298	0.2	1617.553639
299	0.2	1621.638421
300	0.2	1625.73182
301	0.2	1629.834037
302	0.2	1633.945284
303	0.2	1638.065774
304	0.2	1642.19573
305	0.2	1646.335382
306	0.2	1650.484965
307	0.2	1654.644724
308	0.2	1658.814911
309	0.2	1662.995783
310	0.2	1667.18761
80	0.3	1027.368392
81	0.3	1030.807898
82	0.3	1034.24682
83	0.3	1037.685154
84	0.3	1041.122895
85	0.3	1044.560035
86	0.3	1047.996571
87	0.3	1051.432497
88	0.3	1054.867805
89	0.3	1058.302491
90	0.3	1061.736548
91	0.3	1065.169969
92	0.3	1068.602748
93	0.3	1072.034877
94	0.3	1075.466351
95	0.3	1078.897162
96	0.3	1082.327303
97	0.3	1085.756767
98	0.3	1089.185545
99	0.3	1092.613631
100	0.3	1096.041017
101	0.3	1099.467695
102	0.3	1102.893658
103	0.3	1106.318897
104	0.3	1109.743404
105	0.3	1113.167172
106	0.3	1116.590193
107	0.3	1120.012458
108	0.3	1123.433959
109	0.3	1126.854688
110	0.3	1130.274637
111	0.3	1133.693798
112	0.3	1137.112164
113	0.3	1140.529724
114	0.3	1143.946473
115	0.3	1147.362402
116	0.3	1150.777502
117	0.3	1154.191767
118	0.3	1157.605189
119	0.3	1161.017759
120	0.3	1164.429471
121	0.3	1167.840317
122	0.3	1171.25029
123	0.3	1174.659383
124	0.3	1178.067589
125	0.3	1181.474901
126	0.3	1184.881313
127	0.3	1188.286818
128	0.3	1191.691411
129	0.3	1195.095084
130	0.3	1198.497833
131	0.3	1201.899652
132	0.3	1205.300536
133	0.3	1208.700479
134	0.3	1212.099476
135	0.3	1215.497524
136	0.3	1218.894616
137	0.3	1222.290751
138	0.3	1225.685923
139	0.3	1229.080129
140	0.3	1232.473365
141	0.3	1235.865628
142	0.3	1239.256916
143	0.3	1242.647226
144	0.3	1246.036556
145	0.3	1249.424902
146	0.3	1252.812264
147	0.3	1256.198639
148	0.3	1259.584027
149	0.3	1262.968426
150	0.3	1266.351835
151	0.3	1269.734253
152	0.3	1273.115681
153	0.3	1276.496117
154	0.3	1279.875562
155	0.3	1283.254015
156	0.3	1286.631478
157	0.3	1290.00795
158	0.3	1293.383434
159	0.3	1296.757928
160	0.3	1300.131435
161	0.3	1303.503956
162	0.3	1306.875493
163	0.3	1310.246047
164	0.3	1313.615619
165	0.3	1316.984213
166	0.3	1320.351829
167	0.3	1323.718472
168	0.3	1327.084141
169	0.3	1330.448842
170	0.3	1333.812575
171	0.3	1337.175344
172	0.3	1340.537153
173	0.3	1343.898003
174	0.3	1347.257899
175	0.3	1350.616843
176	0.3	1353.97484
177	0.3	1357.331892
178	0.3	1360.688004
179	0.3	1364.043179
180	0.3	1367.397422
181	0.3	1370.750736
182	0.3	1374.103125
183	0.3	1377.454595
184	0.3	1380.805149
185	0.3	1384.154792
186	0.3	1387.503528
187	0.3	1390.851363
188	0.3	1394.198301
189	0.3	1397.544348
190	0.3	1400.889509
191	0.3	1404.233789
192	0.3	1407.577193
193	0.3	1410.919727
194	0.3	1414.261397
195	0.3	1417.60221
196	0.3	1420.94217
197	0.3	1424.281284
198	0.3	1427.619559
199	0.3	1430.957001
200	0.3	1434.293617
201	0.3	1437.629414
202	0.3	1440.964398
203	0.3	1444.298578
204	0.3	1447.63196
205	0.3	1450.964552
206	0.3	1454.296363
207	0.3	1457.627399
208	0.3	1460.95767
209	0.3	1464.287184
210	0.3	1467.615949
211	0.3	1470.943974
212	0.3	1474.271268
213	0.3	1477.597841
214	0.3	1480.923703
215	0.3	1484.248862
216	0.3	1487.573329
217	0.3	1490.897115
218	0.3	1494.22023
219	0.3	1497.542684
220	0.3	1500.864489
221	0.3	1504.185656
222	0.3	1507.506197
223	0.3	1510.826124
224	0.3	1514.145448
225	0.3	1517.464182
226	0.3	1520.78234
227	0.3	1524.099934
228	0.3	1527.416977
229	0.3	1530.733484
230	0.3	1534.049468
231	0.3	1537.364944
232	0.3	1540.679926
233	0.3	1543.994431
234	0.3	1547.308472
235	0.3	1550.622067
236	0.3	1553.935231
237	0.3	1557.247981
238	0.3	1560.560334
239	0.3	1563.872308
240	0.3	1567.18392
241	0.3	1570.495189
242	0.3	1573.806133
243	0.3	1577.116771
244	0.3	1580.427123
245	0.3	1583.73721
246	0.3	1587.047051
247	0.3	1590.356668
248	0.3	1593.666082
249	0.3	1596.975315
250	0.3	1600.28439
251	0.3	1603.593329
252	0.3	1606.902156
253	0.3	1610.210895
254	0.3	1613.519571
255	0.3	1616.828208
256	0.3	1620.136832
257	0.3	1623.44547
258	0.3	1626.754148
259	0.3	1630.062893
260	0.3	1633.371733
261	0.3	1636.680697
262	0.3	1639.989814
263	0.3	1643.299113
264	0.3	1646.608624
265	0.3	1649.918379
266	0.3	1653.22841
267	0.3	1656.538747
268	0.3	1659.849425
269	0.3	1663.160476
270	0.3	1666.471935
271	0.3	1669.783837
272	0.3	1673.096218
273	0.3	1676.409113
274	0.3	1679.722561
275	0.3	1683.036599
276	0.3	1686.351267
277	0.3	1689.666604
278	0.3	1692.98265
279	0.3	1696.299448
280	0.3	1699.617039
281	0.3	1702.935469
282	0.3	1706.25478
283	0.3	1709.57502
284	0.3	1712.896235
285	0.3	1716.218474
286	0.3	1719.541785
287	0.3	1722.86622
288	0.3	1726.191832
289	0.3	1729.518673
290	0.3	1732.846799
291	0.3	1736.176266
292	0.3	1739.507133
293	0.3	1742.839461
294	0.3	1746.17331
295	0.3	1749.508745
296	0.3	1752.845831
297	0.3	1756.184635
298	0.3	1759.525227
299	0.3	1762.867678
300	0.3	1766.21206
301	0.3	1769.55845
302	0.3	1772.906924
303	0.3	1776.257562
304	0.3	1779.610445
305	0.3	1782.965657
306	0.3	1786.323283
307	0.3	1789.68341
308	0.3	1793.046128
309	0.3	1796.411527
310	0.3	1799.779702
80	0.4	1258.174957
81	0.4	1261.361762
82	0.4	1264.547485
83	0.4	1267.732112
84	0.4	1270.915628
85	0.4	1274.09802
86	0.4	1277.279272
87	0.4	1280.45937
88	0.4	1283.638298
89	0.4	1286.816041
90	0.4	1289.992582
91	0.4	1293.167906
92	0.4	1296.341997
93	0.4	1299.514838
94	0.4	1302.686412
95	0.4	1305.856703
96	0.4	1309.025694
97	0.4	1312.193367
98	0.4	1315.359705
99	0.4	1318.52469
100	0.4	1321.688305
101	0.4	1324.850531
102	0.4	1328.01135
103	0.4	1331.170745
104	0.4	1334.328697
105	0.4	1337.485187
106	0.4	1340.640198
107	0.4	1343.793709
108	0.4	1346.945704
109	0.4	1350.096162
110	0.4	1353.245065
111	0.4	1356.392395
112	0.4	1359.538132
113	0.4	1362.682257
114	0.4	1365.824753
115	0.4	1368.965599
116	0.4	1372.104778
117	0.4	1375.242269
118	0.4	1378.378056
119	0.4	1381.512119
120	0.4	1384.644439
121	0.4	1387.774999
122	0.4	1390.90378
123	0.4	1394.030763
124	0.4	1397.155931
125	0.4	1400.279266
126	0.4	1403.400751
127	0.4	1406.520367
128	0.4	1409.638097
129	0.4	1412.753925
130	0.4	1415.867832
131	0.4	1418.979803
132	0.4	1422.089821
133	0.4	1425.19787
134	0.4	1428.303932
135	0.4	1431.407993
136	0.4	1434.510037
137	0.4	1437.610048
138	0.4	1440.708011
139	0.4	1443.803911
140	0.4	1446.897733
141	0.4	1449.989463
142	0.4	1453.079087
143	0.4	1456.16659
144	0.4	1459.251958
145	0.4	1462.335178
146	0.4	1465.416237
147	0.4	1468.49512
148	0.4	1471.571816
149	0.4	1474.646311
150	0.4	1477.718593
151	0.4	1480.788649
152	0.4	1483.856467
153	0.4	1486.922035
154	0.4	1489.985341
155	0.4	1493.046373
156	0.4	1496.105119
157	0.4	1499.161569
158	0.4	1502.21571
159	0.4	1505.26753
160	0.4	1508.31702
161	0.4	1511.364168
162	0.4	1514.408963
163	0.4	1517.451393
164	0.4	1520.491448
165	0.4	1523.529118
166	0.4	1526.564391
167	0.4	1529.597256
168	0.4	1532.627703
169	0.4	1535.655722
170	0.4	1538.681301
171	0.4	1541.70443
172	0.4	1544.725097
173	0.4	1547.743294
174	0.4	1550.759008
175	0.4	1553.772229
176	0.4	1556.782946
177	0.4	1559.791149
178	0.4	1562.796827
179	0.4	1565.799968
180	0.4	1568.800563
181	0.4	1571.7986
182	0.4	1574.794068
183	0.4	1577.786956
184	0.4	1580.777254
185	0.4	1583.76495
186	0.4	1586.750032
187	0.4	1589.732491
188	0.4	1592.712314
189	0.4	1595.68949
190	0.4	1598.664008
191	0.4	1601.635857
192	0.4	1604.605025
193	0.4	1607.5715
194	0.4	1610.535272
195	0.4	1613.496328
196	0.4	1616.454657
197	0.4	1619.410247
198	0.4	1622.363086
199	0.4	1625.313163
200	0.4	1628.260466
201	0.4	1631.204984
202	0.4	1634.146703
203	0.4	1637.085612
204	0.4	1640.0217
205	0.4	1642.954953
206	0.4	1645.885361
207	0.4	1648.812911
208	0.4	1651.737591
209	0.4	1654.659388
210	0.4	1657.578291
211	0.4	1660.494288
212	0.4	1663.407365
213	0.4	1666.317511
214	0.4	1669.224714
215	0.4	1672.128961
216	0.4	1675.030239
217	0.4	1677.928536
218	0.4	1680.823841
219	0.4	1683.716139
220	0.4	1686.605419
221	0.4	1689.491669
222	0.4	1692.374875
223	0.4	1695.255025
224	0.4	1698.132107
225	0.4	1701.006107
226	0.4	1703.877013
227	0.4	1706.744813
228	0.4	1709.609493
229	0.4	1712.47104
230	0.4	1715.329443
231	0.4	1718.184688
232	0.4	1721.036762
233	0.4	1723.885652
234	0.4	1726.731345
235	0.4	1729.573828
236	0.4	1732.413089
237	0.4	1735.249114
238	0.4	1738.08189
239	0.4	1740.911404
240	0.4	1743.737642
241	0.4	1746.560591
242	0.4	1749.380239
243	0.4	1752.196571
244	0.4	1755.009574
245	0.4	1757.819234
246	0.4	1760.625538
247	0.4	1763.428472
248	0.4	1766.228023
249	0.4	1769.024175
250	0.4	1771.816916
251	0.4	1774.60623
252	0.4	1777.392104
253	0.4	1780.174522
254	0.4	1782.95347
255	0.4	1785.728933
256	0.4	1788.500896
257	0.4	1791.269344
258	0.4	1794.03426
259	0.4	1796.795629
260	0.4	1799.553434
261	0.4	1802.307658
262	0.4	1805.058286
263	0.4	1807.805299
264	0.4	1810.54868
265	0.4	1813.28841
266	0.4	1816.024472
267	0.4	1818.756845
268	0.4	1821.485511
269	0.4	1824.210449
270	0.4	1826.931639
271	0.4	1829.649059
272	0.4	1832.362688
273	0.4	1835.072503
274	0.4	1837.77848
275	0.4	1840.480597
276	0.4	1843.178829
277	0.4	1845.87315
278	0.4	1848.563534
279	0.4	1851.249955
280	0.4	1853.932385
281	0.4	1856.610796
282	0.4	1859.285158
283	0.4	1861.95544
284	0.4	1864.621613
285	0.4	1867.283645
286	0.4	1869.941501
287	0.4	1872.59515
288	0.4	1875.244555
289	0.4	1877.889681
290	0.4	1880.530491
291	0.4	1883.166948
292	0.4	1885.799012
293	0.4	1888.426643
294	0.4	1891.049801
295	0.4	1893.668441
296	0.4	1896.282521
297	0.4	1898.891995
298	0.4	1901.496815
299	0.4	1904.096934
300	0.4	1906.6923
301	0.4	1909.282862
302	0.4	1911.868564
303	0.4	1914.44935
304	0.4	1917.025161
305	0.4	1919.595932
306	0.4	1922.1616
307	0.4	1924.722095
308	0.4	1927.277345
309	0.4	1929.827271
310	0.4	1932.371794
80	0.5	1488.981523
81	0.5	1491.915626
82	0.5	1494.848149
83	0.5	1497.779069
84	0.5	1500.708362
85	0.5	1503.636005
86	0.5	1506.561974
87	0.5	1509.486244
88	0.5	1512.408791
89	0.5	1515.32959
90	0.5	1518.248616
91	0.5	1521.165844
92	0.5	1524.081246
93	0.5	1526.994798
94	0.5	1529.906473
95	0.5	1532.816244
96	0.5	1535.724085
97	0.5	1538.629967
98	0.5	1541.533865
99	0.5	1544.435749
100	0.5	1547.335592
101	0.5	1550.233366
102	0.5	1553.129043
103	0.5	1556.022594
104	0.5	1558.91399
105	0.5	1561.803203
106	0.5	1564.690203
107	0.5	1567.574961
108	0.5	1570.457449
109	0.5	1573.337636
110	0.5	1576.215493
111	0.5	1579.090991
112	0.5	1581.9641
113	0.5	1584.83479
114	0.5	1587.703032
115	0.5	1590.568796
116	0.5	1593.432053
117	0.5	1596.292771
118	0.5	1599.150923
119	0.5	1602.006478
120	0.5	1604.859407
121	0.5	1607.709681
122	0.5	1610.557269
123	0.5	1613.402143
124	0.5	1616.244273
125	0.5	1619.083631
126	0.5	1621.920188
127	0.5	1624.753915
128	0.5	1627.584784
129	0.5	1630.412765
130	0.5	1633.237831
131	0.5	1636.059954
132	0.5	1638.879107
133	0.5	1641.69526
134	0.5	1644.508388
135	0.5	1647.318463
136	0.5	1650.125457
137	0.5	1652.929345
138	0.5	1655.730099
139	0.5	1658.527693
140	0.5	1661.322102
141	0.5	1664.113298
142	0.5	1666.901257
143	0.5	1669.685953
144	0.5	1672.46736
145	0.5	1675.245454
146	0.5	1678.020209
147	0.5	1680.791601
148	0.5	1683.559605
149	0.5	1686.324197
150	0.5	1689.085351
151	0.5	1691.843045
152	0.5	1694.597254
153	0.5	1697.347954
154	0.5	1700.095121
155	0.5	1702.838731
156	0.5	1705.578761
157	0.5	1708.315187
158	0.5	1711.047986
159	0.5	1713.777133
160	0.5	1716.502605
161	0.5	1719.22438
162	0.5	1721.942432
163	0.5	1724.656739
164	0.5	1727.367277
165	0.5	1730.074023
166	0.5	1732.776952
167	0.5	1735.476041
168	0.5	1738.171265
169	0.5	1740.862602
170	0.5	1743.550026
171	0.5	1746.233515
172	0.5	1748.913042
173	0.5	1751.588584
174	0.5	1754.260117
175	0.5	1756.927614
176	0.5	1759.591052
177	0.5	1762.250406
178	0.5	1764.90565
179	0.5	1767.556758
180	0.5	1770.203704
181	0.5	1772.846464
182	0.5	1775.485011
183	0.5	1778.119318
184	0.5	1780.749359
185	0.5	1783.375108
186	0.5	1785.996536
187	0.5	1788.613618
188	0.5	1791.226326
189	0.5	1793.834632
190	0.5	1796.438507
191	0.5	1799.037925
192	0.5	1801.632857
193	0.5	1804.223273
194	0.5	1806.809146
195	0.5	1809.390446
196	0.5	1811.967144
197	0.5	1814.539209
198	0.5	1817.106613
199	0.5	1819.669326
200	0.5	1822.227316
201	0.5	1824.780554
202	0.5	1827.329007
203	0.5	1829.872646
204	0.5	1832.411439
205	0.5	1834.945354
206	0.5	1837.47436
207	0.5	1839.998423
208	0.5	1842.517512
209	0.5	1845.031593
210	0.5	1847.540634
211	0.5	1850.044602
212	0.5	1852.543462
213	0.5	1855.037182
214	0.5	1857.525725
215	0.5	1860.009059
216	0.5	1862.487148
217	0.5	1864.959957
218	0.5	1867.427451
219	0.5	1869.889594
220	0.5	1872.34635
221	0.5	1874.797681
222	0.5	1877.243553
223	0.5	1879.683927
224	0.5	1882.118766
225	0.5	1884.548032
226	0.5	1886.971687
227	0.5	1889.389692
228	0.5	1891.802009
229	0.5	1894.208597
230	0.5	1896.609419
231	0.5	1899.004432
232	0.5	1901.393597
233	0.5	1903.776873
234	0.5	1906.154218
235	0.5	1908.52559
236	0.5	1910.890947
237	0.5	1913.250247
238	0.5	1915.603445
239	0.5	1917.950499
240	0.5	1920.291363
241	0.5	1922.625994
242	0.5	1924.954345
243	0.5	1927.27637
244	0.5	1929.592024
245	0.5	1931.901258
246	0.5	1934.204025
247	0.5	1936.500277
248	0.5	1938.789963
249	0.5	1941.073035
250	0.5	1943.349442
251	0.5	1945.619131
252	0.5	1947.882051
253	0.5	1950.138149
254	0.5	1952.387369
255	0.5	1954.629659
256	0.5	1956.864961
257	0.5	1959.093218
258	0.5	1961.314372
259	0.5	1963.528364
260	0.5	1965.735134
261	0.5	1967.93462
262	0.5	1970.126758
263	0.5	1972.311485
264	0.5	1974.488735
265	0.5	1976.658441
266	0.5	1978.820534
267	0.5	1980.974943
268	0.5	1983.121597
269	0.5	1985.260422
270	0.5	1987.391343
271	0.5	1989.514281
272	0.5	1991.629158
273	0.5	1993.735892
274	0.5	1995.8344
275	0.5	1997.924595
276	0.5	2000.006391
277	0.5	2002.079697
278	0.5	2004.144419
279	0.5	2006.200463
280	0.5	2008.247732
281	0.5	2010.286123
282	0.5	2012.315535
283	0.5	2014.335861
284	0.5	2016.346992
285	0.5	2018.348816
286	0.5	2020.341217
287	0.5	2022.324079
288	0.5	2024.297277
289	0.5	2026.260689
290	0.5	2028.214183
291	0.5	2030.157629
292	0.5	2032.09089
293	0.5	2034.013825
294	0.5	2035.926291
295	0.5	2037.828137
296	0.5	2039.719211
297	0.5	2041.599354
298	0.5	2043.468403
299	0.5	2045.32619
300	0.5	2047.172541
301	0.5	2049.007274
302	0.5	2050.830205
303	0.5	2052.641139
304	0.5	2054.439876
305	0.5	2056.226208
306	0.5	2057.999918
307	0.5	2059.760781
308	0.5	2061.508562
309	0.5	2063.243015
310	0.5	2064.963885
80	0.6	1719.788088
81	0.6	1722.46949
82	0.6	1725.148813
83	0.6	1727.826026
84	0.6	1730.501096
85	0.6	1733.17399
86	0.6	1735.844675
87	0.6	1738.513118
88	0.6	1741.179284
89	0.6	1743.84314
90	0.6	1746.504651
91	0.6	1749.163781
92	0.6	1751.820496
93	0.6	1754.474759
94	0.6	1757.126534
95	0.6	1759.775785
96	0.6	1762.422476
97	0.6	1765.066568
98	0.6	1767.708024
99	0.6	1770.346808
100	0.6	1772.98288
101	0.6	1775.616202
102	0.6	1778.246736
103	0.6	1780.874442
104	0.6	1783.499283
105	0.6	1786.121218
106	0.6	1788.740208
107	0.6	1791.356213
108	0.6	1793.969194
109	0.6	1796.57911
110	0.6	1799.185921
111	0.6	1801.789588
112	0.6	1804.390068
113	0.6	1806.987324
114	0.6	1809.581312
115	0.6	1812.171994
116	0.6	1814.759328
117	0.6	1817.343274
118	0.6	1819.92379
119	0.6	1822.500838
120	0.6	1825.074375
121	0.6	1827.644362
122	0.6	1830.210758
123	0.6	1832.773522
124	0.6	1835.332615
125	0.6	1837.887997
126	0.6	1840.439626
127	0.6	1842.987464
128	0.6	1845.53147
129	0.6	1848.071605
130	0.6	1850.60783
131	0.6	1853.140105
132	0.6	1855.668392
133	0.6	1858.192651
134	0.6	1860.712844
135	0.6	1863.228932
136	0.6	1865.740878
137	0.6	1868.248642
138	0.6	1870.752187
139	0.6	1873.251476
140	0.6	1875.74647
141	0.6	1878.237133
142	0.6	1880.723427
143	0.6	1883.205316
144	0.6	1885.682763
145	0.6	1888.15573
146	0.6	1890.624182
147	0.6	1893.088082
148	0.6	1895.547394
149	0.6	1898.002082
150	0.6	1900.45211
151	0.6	1902.897441
152	0.6	1905.338041
153	0.6	1907.773872
154	0.6	1910.2049
155	0.6	1912.631089
156	0.6	1915.052403
157	0.6	1917.468805
158	0.6	1919.880262
159	0.6	1922.286735
160	0.6	1924.688191
161	0.6	1927.084591
162	0.6	1929.475902
163	0.6	1931.862086
164	0.6	1934.243107
165	0.6	1936.618928
166	0.6	1938.989513
167	0.6	1941.354825
168	0.6	1943.714827
169	0.6	1946.069482
170	0.6	1948.418752
171	0.6	1950.7626
172	0.6	1953.100987
173	0.6	1955.433875
174	0.6	1957.761225
175	0.6	1960.083
176	0.6	1962.399159
177	0.6	1964.709663
178	0.6	1967.014472
179	0.6	1969.313547
180	0.6	1971.606846
181	0.6	1973.894328
182	0.6	1976.175954
183	0.6	1978.45168
184	0.6	1980.721464
185	0.6	1982.985266
186	0.6	1985.243041
187	0.6	1987.494746
188	0.6	1989.740338
189	0.6	1991.979773
190	0.6	1994.213007
191	0.6	1996.439994
192	0.6	1998.660689
193	0.6	2000.875046
194	0.6	2003.08302
195	0.6	2005.284564
196	0.6	2007.47963
197	0.6	2009.668172
198	0.6	2011.850141
199	0.6	2014.025488
200	0.6	2016.194166
201	0.6	2018.356123
202	0.6	2020.511312
203	0.6	2022.659681
204	0.6	2024.801179
205	0.6	2026.935755
206	0.6	2029.063358
207	0.6	2031.183935
208	0.6	2033.297432
209	0.6	2035.403798
210	0.6	2037.502977
211	0.6	2039.594916
212	0.6	2041.679559
213	0.6	2043.756852
214	0.6	2045.826737
215	0.6	2047.889158
216	0.6	2049.944058
217	0.6	2051.991379
218	0.6	2054.031062
219	0.6	2056.063049
220	0.6	2058.08728
221	0.6	2060.103694
222	0.6	2062.112231
223	0.6	2064.112828
224	0.6	2066.105424
225	0.6	2068.089956
226	0.6	2070.06636
227	0.6	2072.034571
228	0.6	2073.994524
229	0.6	2075.946154
230	0.6	2077.889394
231	0.6	2079.824176
232	0.6	2081.750432
233	0.6	2083.668094
234	0.6	2085.57709
235	0.6	2087.477351
236	0.6	2089.368805
237	0.6	2091.25138
238	0.6	2093.125001
239	0.6	2094.989595
240	0.6	2096.845085
241	0.6	2098.691397
242	0.6	2100.528451
243	0.6	2102.35617
244	0.6	2104.174474
245	0.6	2105.983282
246	0.6	2107.782512
247	0.6	2109.572081
248	0.6	2111.351904
249	0.6	2113.121895
250	0.6	2114.881967
251	0.6	2116.632032
252	0.6	2118.371998
253	0.6	2120.101775
254	0.6	2121.821269
255	0.6	2123.530384
256	0.6	2125.229025
257	0.6	2126.917092
258	0.6	2128.594484
259	0.6	2130.2611
260	0.6	2131.916834
261	0.6	2133.561581
262	0.6	2135.19523
263	0.6	2136.817672
264	0.6	2138.428791
265	0.6	2140.028472
266	0.6	2141.616596
267	0.6	2143.193041
268	0.6	2144.757683
269	0.6	2146.310395
270	0.6	2147.851046
271	0.6	2149.379503
272	0.6	2150.895628
273	0.6	2152.399281
274	0.6	2153.890319
275	0.6	2155.368593
276	0.6	2156.833953
277	0.6	2158.286243
278	0.6	2159.725304
279	0.6	2161.150971
280	0.6	2162.563078
281	0.6	2163.96145
282	0.6	2165.345912
283	0.6	2166.716281
284	0.6	2168.07237
285	0.6	2169.413987
286	0.6	2170.740934
287	0.6	2172.053008
288	0.6	2173.35
289	0.6	2174.631697
290	0.6	2175.897876
291	0.6	2177.148311
292	0.6	2178.382769
293	0.6	2179.601008
294	0.6	2180.802781
295	0.6	2181.987832
296	0.6	2183.1559
297	0.6	2184.306713
298	0.6	2185.439991
299	0.6	2186.555447
300	0.6	2187.652781
301	0.6	2188.731687
302	0.6	2189.791845
303	0.6	2190.832927
304	0.6	2191.854591
305	0.6	2192.856483
306	0.6	2193.838235
307	0.6	2194.799466
308	0.6	2195.739779
309	0.6	2196.658759
310	0.6	2197.555977
80	0.7	1950.594654
81	0.7	1953.023354
82	0.7	1955.449478
83	0.7	1957.872983
84	0.7	1960.293829
85	0.7	1962.711974
86	0.7	1965.127376
87	0.7	1967.539991
88	0.7	1969.949777
89	0.7	1972.35669
90	0.7	1974.760685
91	0.7	1977.161719
92	0.7	1979.559745
93	0.7	1981.954719
94	0.7	1984.346595
95	0.7	1986.735326
96	0.7	1989.120866
97	0.7	1991.503168
98	0.7	1993.882184
99	0.7	1996.257866
100	0.7	1998.630167
101	0.7	2000.999037
102	0.7	2003.364428
103	0.7	2005.726291
104	0.7	2008.084576
105	0.7	2010.439233
106	0.7	2012.790213
107	0.7	2015.137465
108	0.7	2017.480939
109	0.7	2019.820584
110	0.7	2022.156349
111	0.7	2024.488184
112	0.7	2026.816037
113	0.7	2029.139857
114	0.7	2031.459592
115	0.7	2033.775191
116	0.7	2036.086603
117	0.7	2038.393776
118	0.7	2040.696658
119	0.7	2042.995197
120	0.7	2045.289343
121	0.7	2047.579044
122	0.7	2049.864247
123	0.7	2052.144902
124	0.7	2054.420957
125	0.7	2056.692362
126	0.7	2058.959063
127	0.7	2061.221012
128	0.7	2063.478156
129	0.7	2065.730445
130	0.7	2067.977829
131	0.7	2070.220257
132	0.7	2072.457678
133	0.7	2074.690042
134	0.7	2076.9173
135	0.7	2079.139402
136	0.7	2081.356298
137	0.7	2083.567939
138	0.7	2085.774275
139	0.7	2087.975258
140	0.7	2090.170838
141	0.7	2092.360968
142	0.7	2094.545598
143	0.7	2096.72468
144	0.7	2098.898165
145	0.7	2101.066006
146	0.7	2103.228155
147	0.7	2105.384563
148	0.7	2107.535183
149	0.7	2109.679967
150	0.7	2111.818868
151	0.7	2113.951837
152	0.7	2116.078827
153	0.7	2118.199791
154	0.7	2120.31468
155	0.7	2122.423447
156	0.7	2124.526044
157	0.7	2126.622424
158	0.7	2128.712538
159	0.7	2130.796338
160	0.7	2132.873776
161	0.7	2134.944803
162	0.7	2137.009372
163	0.7	2139.067432
164	0.7	2141.118936
165	0.7	2143.163833
166	0.7	2145.202074
167	0.7	2147.23361
168	0.7	2149.258389
169	0.7	2151.276362
170	0.7	2153.287478
171	0.7	2155.291685
172	0.7	2157.288931
173	0.7	2159.279165
174	0.7	2161.262334
175	0.7	2163.238385
176	0.7	2165.207265
177	0.7	2167.16892
178	0.7	2169.123295
179	0.7	2171.070336
180	0.7	2173.009987
181	0.7	2174.942193
182	0.7	2176.866896
183	0.7	2178.784041
184	0.7	2180.69357
185	0.7	2182.595424
186	0.7	2184.489545
187	0.7	2186.375874
188	0.7	2188.25435
189	0.7	2190.124915
190	0.7	2191.987506
191	0.7	2193.842062
192	0.7	2195.688521
193	0.7	2197.526819
194	0.7	2199.356895
195	0.7	2201.178682
196	0.7	2202.992117
197	0.7	2204.797135
198	0.7	2206.593668
199	0.7	2208.381651
200	0.7	2210.161015
201	0.7	2211.931693
202	0.7	2213.693617
203	0.7	2215.446715
204	0.7	2217.190919
205	0.7	2218.926156
206	0.7	2220.652356
207	0.7	2222.369446
208	0.7	2224.077353
209	0.7	2225.776003
210	0.7	2227.46532
211	0.7	2229.14523
212	0.7	2230.815657
213	0.7	2232.476522
214	0.7	2234.127748
215	0.7	2235.769256
216	0.7	2237.400967
217	0.7	2239.0228
218	0.7	2240.634673
219	0.7	2242.236504
220	0.7	2243.82821
221	0.7	2245.409706
222	0.7	2246.980909
223	0.7	2248.54173
224	0.7	2250.092083
225	0.7	2251.631881
226	0.7	2253.161033
227	0.7	2254.67945
228	0.7	2256.18704
229	0.7	2257.683711
230	0.7	2259.169369
231	0.7	2260.64392
232	0.7	2262.107268
233	0.7	2263.559315
234	0.7	2264.999963
235	0.7	2266.429113
236	0.7	2267.846663
237	0.7	2269.252512
238	0.7	2270.646556
239	0.7	2272.02869
240	0.7	2273.398807
241	0.7	2274.756799
242	0.7	2276.102557
243	0.7	2277.43597
244	0.7	2278.756924
245	0.7	2280.065306
246	0.7	2281.360999
247	0.7	2282.643885
248	0.7	2283.913844
249	0.7	2285.170755
250	0.7	2286.414493
251	0.7	2287.644933
252	0.7	2288.861946
253	0.7	2290.065402
254	0.7	2291.255168
255	0.7	2292.43111
256	0.7	2293.593089
257	0.7	2294.740965
258	0.7	2295.874596
259	0.7	2296.993836
260	0.7	2298.098535
261	0.7	2299.188542
262	0.7	2300.263703
263	0.7	2301.323858
264	0.7	2302.368847
265	0.7	2303.398503
266	0.7	2304.412658
267	0.7	2305.411139
268	0.7	2306.39377
269	0.7	2307.360368
270	0.7	2308.31075
271	0.7	2309.244725
272	0.7	2310.162098
273	0.7	2311.06267
274	0.7	2311.946238
275	0.7	2312.812591
276	0.7	2313.661515
277	0.7	2314.49279
278	0.7	2315.306188
279	0.7	2316.101479
280	0.7	2316.878424
281	0.7	2317.636778
282	0.7	2318.37629
283	0.7	2319.096702
284	0.7	2319.797748
285	0.7	2320.479158
286	0.7	2321.14065
287	0.7	2321.781937
288	0.7	2322.402723
289	0.7	2323.002705
290	0.7	2323.581568
291	0.7	2324.138993
292	0.7	2324.674647
293	0.7	2325.18819
294	0.7	2325.679271
295	0.7	2326.147528
296	0.7	2326.59259
297	0.7	2327.014072
298	0.7	2327.411579
299	0.7	2327.784703
300	0.7	2328.133021
301	0.7	2328.456099
302	0.7	2328.753486
303	0.7	2329.024716
304	0.7	2329.269306
305	0.7	2329.486758
306	0.7	2329.676552
307	0.7	2329.838151
308	0.7	2329.970996
309	0.7	2330.074503
310	0.7	2330.148069
80	0.8	2181.401219
81	0.8	2183.577218
82	0.8	2185.750142
83	0.8	2187.91994
84	0.8	2190.086563
85	0.8	2192.249959
86	0.8	2194.410077
87	0.8	2196.566865
88	0.8	2198.72027
89	0.8	2200.87024
90	0.8	2203.01672
91	0.8	2205.159656
92	0.8	2207.298995
93	0.8	2209.43468
94	0.8	2211.566656
95	0.8	2213.694867
96	0.8	2215.819257
97	0.8	2217.939769
98	0.8	2220.056344
99	0.8	2222.168925
100	0.8	2224.277454
101	0.8	2226.381873
102	0.8	2228.482121
103	0.8	2230.578139
104	0.8	2232.669868
105	0.8	2234.757248
106	0.8	2236.840218
107	0.8	2238.918717
108	0.8	2240.992684
109	0.8	2243.062058
110	0.8	2245.126777
111	0.8	2247.18678
112	0.8	2249.242005
113	0.8	2251.29239
114	0.8	2253.337871
115	0.8	2255.378388
116	0.8	2257.413878
117	0.8	2259.444278
118	0.8	2261.469525
119	0.8	2263.489557
120	0.8	2265.504311
121	0.8	2267.513725
122	0.8	2269.517736
123	0.8	2271.516282
124	0.8	2273.5093
125	0.8	2275.496727
126	0.8	2277.478501
127	0.8	2279.45456
128	0.8	2281.424843
129	0.8	2283.389286
130	0.8	2285.347828
131	0.8	2287.300408
132	0.8	2289.246963
133	0.8	2291.187433
134	0.8	2293.121756
135	0.8	2295.049872
136	0.8	2296.971718
137	0.8	2298.887236
138	0.8	2300.796363
139	0.8	2302.69904
140	0.8	2304.595207
141	0.8	2306.484803
142	0.8	2308.367768
143	0.8	2310.244043
144	0.8	2312.113567
145	0.8	2313.976282
146	0.8	2315.832128
147	0.8	2317.681044
148	0.8	2319.522972
149	0.8	2321.357853
150	0.8	2323.185626
151	0.8	2325.006233
152	0.8	2326.819614
153	0.8	2328.625709
154	0.8	2330.424459
155	0.8	2332.215805
156	0.8	2333.999686
157	0.8	2335.776042
158	0.8	2337.544814
159	0.8	2339.30594
160	0.8	2341.059361
161	0.8	2342.805015
162	0.8	2344.542841
163	0.8	2346.272779
164	0.8	2347.994765
165	0.8	2349.708738
166	0.8	2351.414635
167	0.8	2353.112394
168	0.8	2354.801951
169	0.8	2356.483243
170	0.8	2358.156204
171	0.8	2359.82077
172	0.8	2361.476876
173	0.8	2363.124456
174	0.8	2364.763443
175	0.8	2366.393771
176	0.8	2368.015371
177	0.8	2369.628177
178	0.8	2371.232118
179	0.8	2372.827125
180	0.8	2374.413128
181	0.8	2375.990057
182	0.8	2377.557839
183	0.8	2379.116403
184	0.8	2380.665675
185	0.8	2382.205582
186	0.8	2383.736049
187	0.8	2385.257001
188	0.8	2386.768363
189	0.8	2388.270056
190	0.8	2389.762005
191	0.8	2391.24413
192	0.8	2392.716353
193	0.8	2394.178593
194	0.8	2395.630769
195	0.8	2397.0728
196	0.8	2398.504604
197	0.8	2399.926097
198	0.8	2401.337195
199	0.8	2402.737813
200	0.8	2404.127865
201	0.8	2405.507263
202	0.8	2406.875921
203	0.8	2408.233749
204	0.8	2409.580658
205	0.8	2410.916557
206	0.8	2412.241355
207	0.8	2413.554958
208	0.8	2414.857274
209	0.8	2416.148207
210	0.8	2417.427663
211	0.8	2418.695545
212	0.8	2419.951754
213	0.8	2421.196192
214	0.8	2422.428759
215	0.8	2423.649355
216	0.8	2424.857876
217	0.8	2426.054221
218	0.8	2427.238283
219	0.8	2428.409959
220	0.8	2429.56914
221	0.8	2430.715719
222	0.8	2431.849586
223	0.8	2432.970631
224	0.8	2434.078742
225	0.8	2435.173806
226	0.8	2436.255707
227	0.8	2437.324329
228	0.8	2438.379556
229	0.8	2439.421268
230	0.8	2440.449345
231	0.8	2441.463664
232	0.8	2442.464103
233	0.8	2443.450536
234	0.8	2444.422836
235	0.8	2445.380874
236	0.8	2446.324521
237	0.8	2447.253645
238	0.8	2448.168112
239	0.8	2449.067785
240	0.8	2449.952529
241	0.8	2450.822202
242	0.8	2451.676663
243	0.8	2452.515769
244	0.8	2453.339374
245	0.8	2454.14733
246	0.8	2454.939486
247	0.8	2455.715689
248	0.8	2456.475785
249	0.8	2457.219615
250	0.8	2457.947019
251	0.8	2458.657834
252	0.8	2459.351893
253	0.8	2460.029028
254	0.8	2460.689067
255	0.8	2461.331835
256	0.8	2461.957153
257	0.8	2462.564839
258	0.8	2463.154708
259	0.8	2463.726571
260	0.8	2464.280235
261	0.8	2464.815504
262	0.8	2465.332175
263	0.8	2465.830044
264	0.8	2466.308902
265	0.8	2466.768534
266	0.8	2467.20872
267	0.8	2467.629237
268	0.8	2468.029856
269	0.8	2468.410342
270	0.8	2468.770454
271	0.8	2469.109947
272	0.8	2469.428568
273	0.8	2469.72606
274	0.8	2470.002157
275	0.8	2470.256589
276	0.8	2470.489078
277	0.8	2470.699336
278	0.8	2470.887073
279	0.8	2471.051987
280	0.8	2471.19377
281	0.8	2471.312105
282	0.8	2471.406667
283	0.8	2471.477122
284	0.8	2471.523127
285	0.8	2471.544329
286	0.8	2471.540366
287	0.8	2471.510866
288	0.8	2471.455446
289	0.8	2471.373713
290	0.8	2471.265261
291	0.8	2471.129675
292	0.8	2470.966525
293	0.8	2470.775372
294	0.8	2470.555761
295	0.8	2470.307224
296	0.8	2470.02928
297	0.8	2469.721431
298	0.8	2469.383168
299	0.8	2469.013959
300	0.8	2468.613262
301	0.8	2468.180512
302	0.8	2467.715126
303	0.8	2467.216504
304	0.8	2466.684022
305	0.8	2466.117033
306	0.8	2465.51487
307	0.8	2464.876837
308	0.8	2464.202213
309	0.8	2463.490247
310	0.8	2462.740161
80	0.9	2412.207784
81	0.9	2414.131082
82	0.9	2416.050806
83	0.9	2417.966898
84	0.9	2419.879297
85	0.9	2421.787944
86	0.9	2423.692778
87	0.9	2425.593739
88	0.9	2427.490763
89	0.9	2429.383789
90	0.9	2431.272754
91	0.9	2433.157594
92	0.9	2435.038244
93	0.9	2436.91464
94	0.9	2438.786717
95	0.9	2440.654408
96	0.9	2442.517648
97	0.9	2444.376369
98	0.9	2446.230504
99	0.9	2448.079984
100	0.9	2449.924742
101	0.9	2451.764708
102	0.9	2453.599813
103	0.9	2455.429988
104	0.9	2457.255161
105	0.9	2459.075263
106	0.9	2460.890223
107	0.9	2462.699969
108	0.9	2464.504429
109	0.9	2466.303532
110	0.9	2468.097205
111	0.9	2469.885377
112	0.9	2471.667973
113	0.9	2473.444923
114	0.9	2475.216151
115	0.9	2476.981586
116	0.9	2478.741153
117	0.9	2480.49478
118	0.9	2482.242392
119	0.9	2483.983917
120	0.9	2485.719279
121	0.9	2487.448407
122	0.9	2489.171226
123	0.9	2490.887662
124	0.9	2492.597642
125	0.9	2494.301092
126	0.9	2495.997939
127	0.9	2497.688109
128	0.9	2499.371529
129	0.9	2501.048126
130	0.9	2502.717827
131	0.9	2504.380559
132	0.9	2506.036248
133	0.9	2507.684824
134	0.9	2509.326212
135	0.9	2510.960341
136	0.9	2512.587139
137	0.9	2514.206533
138	0.9	2515.818451
139	0.9	2517.422823
140	0.9	2519.019575
141	0.9	2520.608638
142	0.9	2522.189938
143	0.9	2523.763406
144	0.9	2525.32897
145	0.9	2526.886558
146	0.9	2528.4361
147	0.9	2529.977525
148	0.9	2531.510761
149	0.9	2533.035738
150	0.9	2534.552384
151	0.9	2536.060629
152	0.9	2537.5604
153	0.9	2539.051628
154	0.9	2540.534239
155	0.9	2542.008163
156	0.9	2543.473327
157	0.9	2544.92966
158	0.9	2546.37709
159	0.9	2547.815542
160	0.9	2549.244946
161	0.9	2550.665227
162	0.9	2552.076311
163	0.9	2553.478125
164	0.9	2554.870594
165	0.9	2556.253643
166	0.9	2557.627197
167	0.9	2558.991179
168	0.9	2560.345513
169	0.9	2561.690123
170	0.9	2563.024929
171	0.9	2564.349855
172	0.9	2565.66482
173	0.9	2566.969746
174	0.9	2568.264552
175	0.9	2569.549156
176	0.9	2570.823478
177	0.9	2572.087433
178	0.9	2573.34094
179	0.9	2574.583914
180	0.9	2575.816269
181	0.9	2577.037921
182	0.9	2578.248782
183	0.9	2579.448764
184	0.9	2580.63778
185	0.9	2581.81574
186	0.9	2582.982553
187	0.9	2584.138129
188	0.9	2585.282375
189	0.9	2586.415198
190	0.9	2587.536504
191	0.9	2588.646199
192	0.9	2589.744185
193	0.9	2590.830366
194	0.9	2591.904643
195	0.9	2592.966919
196	0.9	2594.017091
197	0.9	2595.05506
198	0.9	2596.080723
199	0.9	2597.093976
200	0.9	2598.094714
201	0.9	2599.082833
202	0.9	2600.058226
203	0.9	2601.020784
204	0.9	2601.970398
205	0.9	2602.906958
206	0.9	2603.830353
207	0.9	2604.74047
208	0.9	2605.637195
209	0.9	2606.520412
210	0.9	2607.390006
211	0.9	2608.245859
212	0.9	2609.087851
213	0.9	2609.915862
214	0.9	2610.72977
215	0.9	2611.529453
216	0.9	2612.314786
217	0.9	2613.085642
218	0.9	2613.841894
219	0.9	2614.583414
220	0.9	2615.31007
221	0.9	2616.021732
222	0.9	2616.718264
223	0.9	2617.399533
224	0.9	2618.065401
225	0.9	2618.71573
226	0.9	2619.35038
227	0.9	2619.969208
228	0.9	2620.572072
229	0.9	2621.158825
230	0.9	2621.72932
231	0.9	2622.283408
232	0.9	2622.820938
233	0.9	2623.341757
234	0.9	2623.845708
235	0.9	2624.332636
236	0.9	2624.80238
237	0.9	2625.254778
238	0.9	2625.689667
239	0.9	2626.106881
240	0.9	2626.50625
241	0.9	2626.887604
242	0.9	2627.250769
243	0.9	2627.595569
244	0.9	2627.921825
245	0.9	2628.229354
246	0.9	2628.517973
247	0.9	2628.787494
248	0.9	2629.037725
249	0.9	2629.268475
250	0.9	2629.479545
251	0.9	2629.670734
252	0.9	2629.84184
253	0.9	2629.992655
254	0.9	2630.122967
255	0.9	2630.23256
256	0.9	2630.321217
257	0.9	2630.388713
258	0.9	2630.43482
259	0.9	2630.459307
260	0.9	2630.461936
261	0.9	2630.442465
262	0.9	2630.400647
263	0.9	2630.336231
264	0.9	2630.248958
265	0.9	2630.138565
266	0.9	2630.004782
267	0.9	2629.847335
268	0.9	2629.665942
269	0.9	2629.460315
270	0.9	2629.230157
271	0.9	2628.975168
272	0.9	2628.695038
273	0.9	2628.389449
274	0.9	2628.058077
275	0.9	2627.700587
276	0.9	2627.31664
277	0.9	2626.905883
278	0.9	2626.467958
279	0.9	2626.002495
280	0.9	2625.509116
281	0.9	2624.987432
282	0.9	2624.437044
283	0.9	2623.857542
284	0.9	2623.248505
285	0.9	2622.6095
286	0.9	2621.940082
287	0.9	2621.239795
288	0.9	2620.508169
289	0.9	2619.744721
290	0.9	2618.948953
291	0.9	2618.120356
292	0.9	2617.258404
293	0.9	2616.362554
294	0.9	2615.432251
295	0.9	2614.466919
296	0.9	2613.465969
297	0.9	2612.428791
298	0.9	2611.354756
299	0.9	2610.243216
300	0.9	2609.093502
301	0.9	2607.904924
302	0.9	2606.676767
303	0.9	2605.408292
304	0.9	2604.098737
305	0.9	2602.747308
306	0.9	2601.353187
307	0.9	2599.915522
308	0.9	2598.43343
309	0.9	2596.905991
310	0.9	2595.332252
80	1	2643.01435
81	1	2644.684946
82	1	2646.351471
83	1	2648.013855
84	1	2649.672031
85	1	2651.325929
86	1	2652.97548
87	1	2654.620612
88	1	2656.261256
89	1	2657.897339
90	1	2659.528788
91	1	2661.155531
92	1	2662.777493
93	1	2664.394601
94	1	2666.006778
95	1	2667.613949
96	1	2669.216039
97	1	2670.812969
98	1	2672.404663
99	1	2673.991043
100	1	2675.572029
101	1	2677.147543
102	1	2678.717506
103	1	2680.281836
104	1	2681.840454
105	1	2683.393278
106	1	2684.940228
107	1	2686.48122
108	1	2688.016174
109	1	2689.545006
110	1	2691.067633
111	1	2692.583973
112	1	2694.093942
113	1	2695.597456
114	1	2697.094431
115	1	2698.584783
116	1	2700.068428
117	1	2701.545282
118	1	2703.015259
119	1	2704.478276
120	1	2705.934247
121	1	2707.383089
122	1	2708.824715
123	1	2710.259041
124	1	2711.685984
125	1	2713.105457
126	1	2714.517376
127	1	2715.921657
128	1	2717.318215
129	1	2718.706966
130	1	2720.087826
131	1	2721.46071
132	1	2722.825534
133	1	2724.182215
134	1	2725.530668
135	1	2726.870811
136	1	2728.202559
137	1	2729.52583
138	1	2730.840539
139	1	2732.146605
140	1	2733.443944
141	1	2734.732473
142	1	2736.012109
143	1	2737.282769
144	1	2738.544372
145	1	2739.796834
146	1	2741.040073
147	1	2742.274006
148	1	2743.49855
149	1	2744.713623
150	1	2745.919143
151	1	2747.115025
152	1	2748.301187
153	1	2749.477546
154	1	2750.644018
155	1	2751.800521
156	1	2752.946969
157	1	2754.083279
158	1	2755.209366
159	1	2756.325145
160	1	2757.430531
161	1	2758.525438
162	1	2759.609781
163	1	2760.683471
164	1	2761.746423
165	1	2762.798548
166	1	2763.839758
167	1	2764.869964
168	1	2765.889075
169	1	2766.897003
170	1	2767.893655
171	1	2768.87894
172	1	2769.852765
173	1	2770.815037
174	1	2771.765661
175	1	2772.704542
176	1	2773.631584
177	1	2774.54669
178	1	2775.449763
179	1	2776.340703
180	1	2777.219411
181	1	2778.085785
182	1	2778.939724
183	1	2779.781126
184	1	2780.609885
185	1	2781.425898
186	1	2782.229057
187	1	2783.019256
188	1	2783.796387
189	1	2784.56034
190	1	2785.311004
191	1	2786.048267
192	1	2786.772017
193	1	2787.482139
194	1	2788.178518
195	1	2788.861037
196	1	2789.529578
197	1	2790.184023
198	1	2790.82425
199	1	2791.450138
200	1	2792.061564
201	1	2792.658403
202	1	2793.24053
203	1	2793.807818
204	1	2794.360137
205	1	2794.897359
206	1	2795.419351
207	1	2795.925982
208	1	2796.417115
209	1	2796.892617
210	1	2797.352349
211	1	2797.796173
212	1	2798.223948
213	1	2798.635532
214	1	2799.030782
215	1	2799.409552
216	1	2799.771695
217	1	2800.117063
218	1	2800.445505
219	1	2800.756869
220	1	2801.051
221	1	2801.327744
222	1	2801.586942
223	1	2801.828435
224	1	2802.05206
225	1	2802.257655
226	1	2802.445053
227	1	2802.614087
228	1	2802.764588
229	1	2802.896382
230	1	2803.009296
231	1	2803.103153
232	1	2803.177774
233	1	2803.232978
234	1	2803.268581
235	1	2803.284397
236	1	2803.280238
237	1	2803.255911
238	1	2803.211223
239	1	2803.145976
240	1	2803.059972
241	1	2802.953007
242	1	2802.824876
243	1	2802.675369
244	1	2802.504275
245	1	2802.311378
246	1	2802.09646
247	1	2801.859298
248	1	2801.599666
249	1	2801.317335
250	1	2801.01207
251	1	2800.683635
252	1	2800.331788
253	1	2799.956282
254	1	2799.556866
255	1	2799.133286
256	1	2798.685281
257	1	2798.212587
258	1	2797.714933
259	1	2797.192043
260	1	2796.643636
261	1	2796.069426
262	1	2795.46912
263	1	2794.842417
264	1	2794.189013
265	1	2793.508595
266	1	2792.800844
267	1	2792.065434
268	1	2791.302029
269	1	2790.510288
270	1	2789.689861
271	1	2788.84039
272	1	2787.961508
273	1	2787.052838
274	1	2786.113996
275	1	2785.144585
276	1	2784.144202
277	1	2783.11243
278	1	2782.048842
279	1	2780.953003
280	1	2779.824462
281	1	2778.66276
282	1	2777.467422
283	1	2776.237963
284	1	2774.973883
285	1	2773.674671
286	1	2772.339798
287	1	2770.968724
288	1	2769.560892
289	1	2768.115729
290	1	2766.632646
291	1	2765.111038
292	1	2763.550282
293	1	2761.949736
294	1	2760.308741
295	1	2758.626615
296	1	2756.902659
297	1	2755.13615
298	1	2753.326344
299	1	2751.472472
300	1	2749.573743
301	1	2747.629336
302	1	2745.638407
303	1	2743.600081
304	1	2741.513452
305	1	2739.377584
306	1	2737.191505
307	1	2734.954207
308	1	2732.664647
309	1	2730.321735
310	1	2727.924344
