x	y	z (elevasi)	gFA	x parasnis	y parasnis	g Bouger	SBA
738089.0933	9689510.616	581	131.5	24.35552	131.5	56.017696	75.482304
739935.3582	9689507.221	893	137.8	37.43456	137.8	86.099488	51.700512
741792.7656	9689503.78	1127	147	47.24384	147	108.660832	38.339168
743650.1936	9689500.312	1317	157.3	55.20864	157.3	126.979872	30.320128
745496.5199	9689496.838	1471	168	61.66432	168	141.827936	26.172064
747353.9894	9689493.317	1775	178.1	74.408	178.1	171.1384	6.9616
749211.48	9689489.769	1761	187.6	73.82112	187.6	169.788576	17.811424
751057.869	9689486.217	1565	196.7	65.6048	196.7	150.89104	45.80896
752915.4021	9689482.616	1301	206.1	54.53792	206.1	125.437216	80.662784
754772.9568	9689478.989	1539	216.5	64.51488	216.5	148.384224	68.115776
756619.4099	9689475.357	2065	228	86.5648	228	199.09904	28.90096
758477.008	9689471.676	2277	240.1	95.45184	240.1	219.539232	20.560768
760334.6281	9689467.969	1959	251.8	82.12128	251.8	188.878944	62.921056
762181.1467	9689464.258	2253	260.9	94.44576	260.9	217.225248	43.674752
764038.8113	9689460.498	2237	265.7	93.77504	265.7	215.682592	50.017408
765896.4983	9689456.711	2365	264.3	99.1408	264.3	228.02384	36.27616
767743.0839	9689452.921	2165	255.8	90.7568	255.8	208.74064	47.05936
769600.8163	9689449.081	1993	240.8	83.54656	240.8	192.157088	48.642912
771458.5716	9689445.215	1731	220.5	72.56352	220.5	166.896096	53.603904
773305.2256	9689441.346	1617	198.4	67.78464	198.4	155.904672	42.495328
775163.0272	9689437.426	1563	177.2	65.52096	177.2	150.698208	26.501792
777020.8523	9689433.48	2017	161.1	84.55264	161.1	194.471072	-33.371072
778867.5761	9689429.532	1793	152.5	75.16256	152.5	172.873888	-20.373888
780725.4484	9689425.532	1453	153.5	60.90976	153.5	140.092448	13.407552
782583.3446	9689421.507	1605	164.1	67.2816	164.1	154.74768	9.35232
784430.1396	9689417.479	1751	182.5	73.40192	182.5	168.824416	13.675584
786288.084	9689413.4	1681	206.4	70.46752	206.4	162.075296	44.324704
788146.0528	9689409.295	1877	231.4	78.68384	231.4	180.972832	50.427168
738085.7001	9687663.427	735	138.1	30.8112	138.1	70.86576	67.23424
739931.9387	9687660.012	911	145.6	38.18912	145.6	87.834976	57.765024
741789.3196	9687656.55	943	156.2	39.53056	156.2	90.920288	65.279712
743646.7211	9687653.061	1055	168.5	44.2256	168.5	101.71888	66.78112
745493.0209	9687649.567	1271	181.5	53.28032	181.5	122.544736	58.955264
747350.4639	9687646.025	1505	193.6	63.0896	193.6	145.10608	48.49392
749207.928	9687642.456	1695	204.5	71.0544	204.5	163.42512	41.07488
751054.2906	9687638.883	1957	213.8	82.03744	213.8	188.686112	25.113888
752911.7972	9687635.261	1651	222.2	69.20992	222.2	159.182816	63.017184
754769.3253	9687631.612	1409	229.9	59.06528	229.9	135.850144	94.049856
756615.7521	9687627.958	1761	237.6	73.82112	237.6	169.788576	67.811424
758473.3236	9687624.256	2187	244.9	91.67904	244.9	210.861792	34.038208
760330.9172	9687620.527	2099	251.3	87.99008	251.3	202.377184	48.922816
762177.4095	9687616.794	2143	255.4	89.83456	255.4	206.619488	48.780512
764035.0475	9687613.012	2357	255.7	98.80544	255.7	227.252512	28.447488
765892.7079	9687609.203	2351	250.9	98.55392	250.9	226.674016	24.225984
767739.2672	9687605.39	2449	240.1	102.66208	240.1	236.122784	3.977216
769596.973	9687601.527	2095	223.7	87.8224	223.7	201.99152	21.70848
771454.7018	9687597.638	2019	203.1	84.63648	203.1	194.663904	8.436096
773301.3294	9687593.746	1733	181.1	72.64736	181.1	167.088928	14.011072
775159.1044	9687589.803	1427	160.6	59.81984	160.6	137.585632	23.014368
777016.903	9687585.834	1737	145.6	72.81504	145.6	167.474592	-21.874592
778863.6003	9687581.861	1519	138.4	63.67648	138.4	146.455904	-8.055904
780721.4461	9687577.839	1427	141.2	59.81984	141.2	137.585632	3.614368
782579.3158	9687573.789	1787	154	74.91104	154	172.295392	-18.295392
784426.0843	9687569.737	1775	174.9	74.408	174.9	171.1384	3.7616
786284.0022	9687565.634	1965	201.5	82.3728	201.5	189.45744	12.04256
788141.9445	9687561.504	2109	228.9	88.40928	228.9	203.341344	25.558656
738082.3074	9685827.298	827	141.6	34.66784	141.6	79.736032	61.863968
739928.5196	9685823.863	857	149.5	35.92544	149.5	82.628512	66.871488
741785.8739	9685820.381	1023	161.3	42.88416	161.3	98.633568	62.666432
743643.2489	9685816.872	1213	175.6	50.84896	175.6	116.952608	58.647392
745489.5224	9685813.357	1557	191	65.26944	191	150.119712	40.880288
747346.9389	9685809.795	1719	205.5	72.06048	205.5	165.739104	39.760896
749204.3764	9685806.205	1833	218.4	76.83936	218.4	176.730528	41.669472
751050.7127	9685802.61	2237	228.7	93.77504	228.7	215.682592	13.017408
752908.1927	9685798.967	1993	236.4	83.54656	236.4	192.157088	44.242912
754765.6943	9685795.297	1545	241.9	64.7664	241.9	148.96272	92.93728
756612.0947	9685791.622	1727	245.7	72.39584	245.7	166.510432	79.189568
758469.6397	9685787.898	1927	248.1	80.77984	248.1	185.793632	62.306368
760327.2068	9685784.147	2307	249.1	96.70944	249.1	222.431712	26.668288
762173.6727	9685780.392	2431	248	101.90752	248	234.387296	13.612704
764031.2841	9685776.588	2603	243.9	109.11776	243.9	250.970848	-7.070848
765888.918	9685772.756	2551	235.9	106.93792	235.9	245.957216	-10.057216
767735.4509	9685768.921	2267	223.3	95.03264	223.3	218.575072	4.724928
769593.1302	9685765.036	1877	206.3	78.68384	206.3	180.972832	25.327168
771450.8324	9685761.124	1681	186	70.46752	186	162.075296	23.924704
773297.4336	9685757.209	1539	165	64.51488	165	148.384224	16.615776
775155.1821	9685753.243	1361	145.7	57.05312	145.7	131.222176	14.477824
777012.9541	9685749.25	1259	131.9	52.77728	131.9	121.387744	10.512256
778859.6251	9685745.255	1167	126	48.92064	126	112.517472	13.482528
780717.4443	9685741.208	1469	129.9	61.58048	129.9	141.635104	-11.735104
782575.2874	9685737.135	1859	144	77.92928	144	179.237344	-35.237344
784422.0296	9685733.06	1925	166.3	80.696	166.3	185.6008	-19.3008
786279.9209	9685728.933	2015	194.4	84.4688	194.4	194.27824	0.12176
788137.8366	9685724.779	2269	223.2	95.11648	223.2	218.767904	4.432096
738078.8741	9683980.108	797	141.4	33.41024	141.4	76.843552	64.556448
739925.0596	9683976.653	859	148.9	36.00928	148.9	82.821344	66.078656
741782.3872	9683973.15	1059	161.4	44.39328	161.4	102.104544	59.295456
743639.7353	9683969.621	1361	177.2	57.05312	177.2	131.222176	45.977824
745485.9821	9683966.085	1695	194.9	71.0544	194.9	163.42512	31.47488
747343.3718	9683962.502	1937	212	81.19904	212	186.757792	25.242208
749200.7825	9683958.891	2067	227	86.64864	227	199.291872	27.708128
751047.092	9683955.275	2459	238.4	103.08128	238.4	237.086944	1.313056
752904.5452	9683951.611	1917	245.7	80.36064	245.7	184.829472	60.870528
754762.02	9683947.919	1773	249.1	74.32416	249.1	170.945568	78.154432
756608.3936	9683944.222	1759	249.3	73.73728	249.3	169.595744	79.704256
758465.9118	9683940.477	2041	247	85.55872	247	196.785056	50.214944
760323.452	9683936.704	2259	242.9	94.69728	242.9	217.803744	25.096256
762169.8912	9683932.927	2645	237	110.8784	237	255.02032	-18.02032
764027.4758	9683929.1	2545	229.1	106.6864	229.1	245.37872	-16.27872
765885.0829	9683925.246	2303	218.8	96.54176	218.8	222.046048	-3.246048
767731.589	9683921.389	1929	205.3	80.86368	205.3	185.986464	19.313536
769589.2415	9683917.481	1791	188.9	75.07872	188.9	172.681056	16.218944
771446.9168	9683913.546	1793	170	75.16256	170	172.873888	-2.873888
773293.4913	9683909.608	1615	150.8	67.7008	150.8	155.71184	-4.91184
775151.213	9683905.619	1525	133.3	63.928	133.3	147.0344	-13.7344
777008.9581	9683901.603	1529	120.8	64.09568	120.8	147.420064	-26.620064
778855.6024	9683897.584	1237	115.8	51.85504	115.8	119.266592	-3.466592
780713.3947	9683893.514	1303	120.1	54.62176	120.1	125.630048	-5.530048
782571.211	9683889.417	1765	134.3	73.9888	134.3	170.17424	-35.87424
784417.9264	9683885.317	2149	156.8	90.08608	156.8	207.197984	-50.397984
786275.7908	9683881.166	2221	185.2	93.10432	185.2	214.139936	-28.939936
788133.6797	9683876.988	2237	214.5	93.77504	214.5	215.682592	-1.182592
738075.4415	9682143.978	761	137.5	31.90112	137.5	73.372576	64.127424
739921.6003	9682140.503	773	144	32.40416	144	74.529568	69.470432
741778.901	9682136.98	955	156.5	40.0336	156.5	92.07728	64.42272
743636.2223	9682133.43	1211	173.4	50.76512	173.4	116.759776	56.640224
745482.4425	9682129.875	1719	193	72.06048	193	165.739104	27.260896
747339.8053	9682126.27	1825	212.3	76.504	212.3	175.9592	36.3408
749197.1892	9682122.639	1961	229.2	82.20512	229.2	189.071776	40.128224
751043.472	9682119.002	2277	241.5	95.45184	241.5	219.539232	21.960768
752900.8984	9682115.316	2117	248.4	88.74464	248.4	204.112672	44.287328
754758.3463	9682111.603	2029	249.8	85.05568	249.8	195.628064	54.171936
756604.6933	9682107.885	2021	246.5	84.72032	246.5	194.856736	51.643264
758462.1846	9682104.118	2253	239.9	94.44576	239.9	217.225248	22.674752
760319.698	9682100.323	2475	231.1	103.752	231.1	238.6296	-7.5296
762166.1105	9682096.524	2437	221.2	102.15904	221.2	234.965792	-13.765792
764023.6682	9682092.675	2039	210.5	85.47488	210.5	196.592224	13.907776
765881.2485	9682088.799	1913	198.9	80.19296	198.9	184.443808	14.456192
767727.7279	9682084.919	1737	186	72.81504	186	167.474592	18.525408
769585.3535	9682080.989	1539	171.4	64.51488	171.4	148.384224	23.015776
771443.002	9682077.031	1639	155.3	68.70688	155.3	158.025824	-2.725824
773289.5498	9682073.07	1673	138.8	70.13216	138.8	161.303968	-22.503968
775147.2446	9682069.058	1689	123.6	70.80288	123.6	162.846624	-39.246624
777004.9629	9682065.019	1677	112.6	70.29984	112.6	161.689632	-49.089632
778851.5804	9682060.976	1337	107.9	56.04704	107.9	128.908192	-21.008192
780709.3459	9682056.883	1119	111.8	46.90848	111.8	107.889504	3.910496
782567.1353	9682052.762	1467	124.9	61.49664	124.9	141.442272	-16.542272
784413.824	9682048.639	1803	146.1	75.58176	146.1	173.838048	-27.738048
786271.6616	9682044.463	2127	173.5	89.16384	173.5	205.076832	-31.576832
788129.5235	9682040.261	2097	202.3	87.90624	202.3	202.184352	0.115648
738071.9681	9680296.787	745	130.8	31.2304	130.8	71.82992	58.97008
739918.1	9680293.292	775	135.9	32.488	135.9	74.7224	61.1776
741775.3735	9680289.749	893	147.8	37.43456	147.8	86.099488	61.700512
743632.6677	9680286.178	1173	165.1	49.17216	165.1	113.095968	52.004032
745478.8608	9680282.602	1601	185.9	67.11392	185.9	154.362016	31.537984
747336.1965	9680278.977	1613	206.7	67.61696	206.7	155.519008	51.180992
749193.5532	9680275.324	1521	224.9	63.76032	224.9	146.648736	78.251264
751039.8091	9680271.666	1899	237.7	79.60608	237.7	183.093984	54.606016
752897.2083	9680267.959	1737	243.8	72.81504	243.8	167.474592	76.325408
754754.629	9680264.224	1933	243.2	81.03136	243.2	186.372128	56.827872
756600.949	9680260.485	2015	236.6	84.4688	236.6	194.27824	42.32176
758458.4132	9680256.696	2161	226.2	90.58912	226.2	208.354976	17.845024
760315.8994	9680252.879	2409	213.6	100.98528	213.6	232.266144	-18.666144
762162.2849	9680249.058	2033	200.8	85.22336	200.8	196.013728	4.786272
764019.8155	9680245.187	1659	188.6	69.54528	188.6	159.954144	28.645856
765877.3685	9680241.288	1543	177.3	64.68256	177.3	148.769888	28.530112
767723.821	9680237.386	1495	166.3	62.6704	166.3	144.14192	22.15808
769581.4194	9680233.433	1363	155	57.13696	155	131.415008	23.584992
771439.0407	9680229.452	1491	142.7	62.50272	142.7	143.756256	-1.056256
773285.5615	9680225.468	1699	129.8	71.22208	129.8	163.810784	-34.010784
775143.2291	9680221.433	1947	117.4	81.61824	117.4	187.721952	-70.321952
777000.9202	9680217.37	1773	107.6	74.32416	107.6	170.945568	-63.345568
778847.5107	9680213.305	1487	102.7	62.33504	102.7	143.370592	-40.670592
780705.249	9680209.187	1075	105	45.064	105	103.6472	1.3528
782563.0112	9680205.042	1297	115.6	54.37024	115.6	125.051552	-9.451552
784409.673	9680200.895	1473	134.2	61.74816	134.2	142.020768	-7.820768
786267.4833	9680196.696	1561	159.3	65.43712	159.3	150.505376	8.794624
788125.3181	9680192.469	1589	186.6	66.61088	186.6	153.205024	33.394976
738068.4956	9678460.657	675	122.6	28.296	122.6	65.0808	57.5192
739914.6005	9678457.142	815	126	34.1648	126	78.57904	47.42096
741771.8469	9678453.578	1013	136.9	42.46496	136.9	97.669408	39.230592
743629.1139	9678449.987	1205	153.9	50.5136	153.9	116.18128	37.71872
745475.2801	9678446.39	1283	175.1	53.78336	175.1	123.701728	51.398272
747332.5886	9678442.744	1383	196.4	57.97536	196.4	133.343328	63.056672
749189.9182	9678439.071	1319	215	55.29248	215	127.172704	87.827296
751036.1471	9678435.392	1577	227.5	66.10784	227.5	152.048032	75.451968
752893.5191	9678431.663	1461	232.4	61.24512	232.4	140.863776	91.536224
754750.9127	9678427.907	1675	229.5	70.216	229.5	161.4968	68.0032
756597.2057	9678424.147	1717	220	71.97664	220	165.546272	54.453728
758454.6427	9678420.336	1949	206.4	81.70208	206.4	187.914784	18.485216
760312.1018	9678416.497	1805	191	75.6656	191	174.03088	16.96912
762158.4603	9678412.655	1565	176.6	65.6048	176.6	150.89104	25.70896
764015.9637	9678408.761	1377	164.3	57.72384	164.3	132.764832	31.535168
765873.4896	9678404.84	1317	154.9	55.20864	154.9	126.979872	27.920128
767719.915	9678400.916	1273	147.4	53.36416	147.4	122.737568	24.662432
769577.4862	9678396.94	1265	140.5	53.0288	140.5	121.96624	18.53376
771435.0804	9678392.936	1383	133.1	57.97536	133.1	133.343328	-0.243328
773281.5742	9678388.929	1621	124.5	67.95232	124.5	156.290336	-31.790336
775139.2146	9678384.871	1913	114.9	80.19296	114.9	184.443808	-69.543808
776996.8785	9678380.785	1993	106.1	83.54656	106.1	192.157088	-86.057088
778843.4421	9678376.696	1471	100.1	61.66432	100.1	141.827936	-41.727936
780701.1532	9678372.555	1025	99.7	42.968	99.7	98.8264	0.8736
782558.8882	9678368.387	1069	106.4	44.81248	106.4	103.068704	3.331296
784405.5229	9678364.216	1119	120.9	46.90848	120.9	107.889504	13.010496
786263.3061	9678359.993	1227	142.4	51.43584	142.4	118.302432	24.097568
788121.1137	9678355.742	1467	167.3	61.49664	167.3	141.442272	25.857728
738065.0033	9676624.526	789	114.9	33.07488	114.9	76.072224	38.827776
739911.081	9676620.991	769	116.7	32.23648	116.7	74.143904	42.556096
741768.3001	9676617.407	845	126.3	35.4224	126.3	81.47152	44.82848
743625.5398	9676613.795	891	142.5	37.35072	142.5	85.906656	56.593344
745471.6789	9676610.178	1031	163.2	43.21952	163.2	99.404896	63.795104
747328.9601	9676606.511	1139	184	47.74688	184	109.817824	74.182176
749186.2623	9676602.817	1127	202	47.24384	202	108.660832	93.339168
751032.4641	9676599.117	1251	213.4	52.44192	213.4	120.616416	92.783584
752889.8088	9676595.367	1439	216.6	60.32288	216.6	138.742624	77.857376
754747.1751	9676591.59	1543	211.5	64.68256	211.5	148.769888	62.730112
756593.4409	9676587.808	1839	199.4	77.09088	199.4	177.309024	22.090976
758450.8507	9676583.975	1667	183.4	69.88064	183.4	160.725472	22.674528
760308.2824	9676580.115	1443	166.4	60.49056	166.4	139.128288	27.271712
762154.6137	9676576.25	1285	151.8	53.8672	151.8	123.89456	27.90544
764012.0898	9676572.335	1211	141	50.76512	141	116.759776	24.240224
765869.5884	9676568.392	1193	134.6	50.01056	134.6	115.024288	19.575712
767715.9867	9676564.445	1229	131.8	51.51968	131.8	118.495264	13.304736
769573.5306	9676560.446	1283	130.3	53.78336	130.3	123.701728	6.598272
771431.0975	9676556.42	1423	128.3	59.65216	128.3	137.199968	-8.899968
773277.5641	9676552.39	1515	124	63.5088	124	146.07024	-22.07024
775135.1772	9676548.309	1737	117	72.81504	117	167.474592	-50.474592
776992.8138	9676544.2	1611	108.6	67.53312	108.6	155.326176	-46.726176
778839.3501	9676540.088	1443	100.5	60.49056	100.5	139.128288	-38.628288
780697.0339	9676535.923	1049	96.1	43.97408	96.1	101.140384	-5.040384
782554.7416	9676531.731	1039	97.7	43.55488	97.7	100.176224	-2.476224
784401.3491	9676527.536	1303	106.8	54.62176	106.8	125.630048	-18.830048
786259.105	9676523.289	1455	123.4	60.9936	123.4	140.28528	-16.88528
788116.8852	9676519.014	1483	145.1	62.16736	145.1	142.984928	2.115072
738061.4698	9674777.333	657	109	27.54144	109	63.345312	45.654688
739907.5201	9674773.778	697	109.5	29.21824	109.5	67.201952	42.298048
741764.7116	9674770.174	639	117.8	26.78688	117.8	61.609824	56.190176
743621.9237	9674766.542	785	132.7	32.9072	132.7	75.68656	57.01344
745468.0353	9674762.904	883	152	37.01536	152	85.135328	66.864672
747325.2888	9674759.216	1109	171.6	46.48928	171.6	106.925344	64.674656
749182.5635	9674755.501	1097	188	45.98624	188	105.768352	82.231648
751028.7378	9674751.78	1535	197.6	64.3472	197.6	147.99856	49.60144
752886.0549	9674748.009	1709	198.8	71.64128	198.8	164.774944	34.025056
754743.3935	9674744.21	1841	191.5	77.17472	191.5	177.501856	13.998144
756589.6319	9674740.406	1731	177.4	72.56352	177.4	166.896096	10.503904
758447.014	9674736.552	1457	160	61.07744	160	140.478112	19.521888
760304.4181	9674732.67	1313	142.7	55.04096	142.7	126.594208	16.105792
762150.722	9674728.783	1199	129.1	50.26208	129.1	115.602784	13.497216
764008.1704	9674724.845	1161	121.1	48.66912	121.1	111.938976	9.161024
765865.6414	9674720.88	1207	119	50.59744	119	116.374112	2.625888
767712.0122	9674716.91	1251	121.7	52.44192	121.7	120.616416	1.083584
769569.5284	9674712.889	1267	126.1	53.11264	126.1	122.159072	3.940928
771427.0676	9674708.84	1513	129.6	63.42496	129.6	145.877408	-16.277408
773273.5068	9674704.787	1707	129.3	71.55744	129.3	164.582112	-35.282112
775131.0922	9674700.682	1847	124.4	77.42624	124.4	178.080352	-53.680352
776988.7012	9674696.55	1567	115.3	65.68864	115.3	151.083872	-35.783872
778835.21	9674692.414	1197	104.2	50.17824	104.2	115.409952	-11.209952
780692.8662	9674688.226	961	94.7	40.28512	94.7	92.655776	2.044224
782550.5462	9674684.01	829	89.8	34.75168	89.8	79.928864	9.871136
784397.1262	9674679.792	1023	92.3	42.88416	92.3	98.633568	-6.333568
786254.8544	9674675.52	1305	103.1	54.7056	103.1	125.82288	-22.72288
788112.607	9674671.22	1093	120.7	45.81856	120.7	105.382688	15.317312
738057.9376	9672941.201	615	106.2	25.7808	106.2	59.29584	46.90416
739903.9605	9672937.626	627	105.8	26.28384	105.8	60.452832	45.347168
741761.1243	9672934.002	651	112.9	27.28992	112.9	62.766816	50.133184
743618.3088	9672930.349	751	126.3	31.48192	126.3	72.408416	53.891584
745464.3929	9672926.691	879	143.8	36.84768	143.8	84.749664	59.050336
747321.6189	9672922.982	1177	161.3	49.33984	161.3	113.481632	47.818368
749178.8659	9672919.246	1317	175.5	55.20864	175.5	126.979872	48.520128
751025.0127	9672915.504	1627	182.9	68.20384	182.9	156.868832	26.031168
752882.3022	9672911.712	1687	182	70.71904	182	162.653792	19.346208
754739.6133	9672907.892	1699	173.1	71.22208	173.1	163.810784	9.289216
756585.8242	9672904.067	1495	157.8	62.6704	157.8	144.14192	13.65808
758443.1787	9672900.191	1319	140.2	55.29248	140.2	127.172704	13.027296
760300.5551	9672896.287	1199	123.7	50.26208	123.7	115.602784	8.097216
762146.8315	9672892.378	1141	112.4	47.83072	112.4	110.010656	2.389344
764004.2524	9672888.418	1189	108.1	49.84288	108.1	114.638624	-6.538624
765861.6957	9672884.43	1223	110.9	51.26816	110.9	117.916768	-7.016768
767708.039	9672880.438	1243	119.2	52.10656	119.2	119.845088	-0.645088
769565.5276	9672876.394	1289	129.3	54.03488	129.3	124.280224	5.019776
771423.0392	9672872.322	1573	137.8	65.94016	137.8	151.662368	-13.862368
773269.4509	9672868.247	1859	140.9	77.92928	140.9	179.237344	-38.337344
775127.0087	9672864.119	1995	137	83.6304	137	192.34992	-55.34992
776984.59	9672859.963	1641	126.5	68.79072	126.5	158.218656	-31.718656
778831.0714	9672855.805	1319	111.3	55.29248	111.3	127.172704	-15.872704
780688.6999	9672851.593	1291	95.8	54.11872	95.8	124.473056	-28.673056
782546.3523	9672847.353	1019	83.6	42.71648	83.6	98.247904	-14.647904
784392.9048	9672843.111	771	78.9	32.32032	78.9	74.336736	4.563264
786250.6053	9672838.815	977	83.2	40.95584	83.2	94.198432	-10.998432
788108.3303	9672834.492	1055	96.2	44.2256	96.2	101.71888	-5.51888
738054.364	9671094.008	719	106.7	30.14048	106.7	69.323104	37.376896
739900.3592	9671090.413	737	106	30.89504	106	71.058592	34.941408
741757.4951	9671086.768	779	112.1	32.65568	112.1	75.108064	36.991936
743614.6516	9671083.095	831	123.7	34.83552	123.7	80.121696	43.578304
745460.708	9671079.416	945	139	39.6144	139	91.11312	47.88688
747317.906	9671075.686	1129	154	47.32768	154	108.853664	45.146336
749175.1251	9671071.929	1301	165.8	54.53792	165.8	125.437216	40.362784
751021.2441	9671068.166	1611	170.9	67.53312	170.9	155.326176	15.573824
752878.5057	9671064.353	1677	168.2	70.29984	168.2	161.689632	6.510368
754735.7888	9671060.511	1443	158.2	60.49056	158.2	139.128288	19.071712
756581.9719	9671056.664	1299	142.7	54.45408	142.7	125.244384	17.455616
758439.2984	9671052.766	1239	126.1	51.93888	126.1	119.459424	6.640576
760296.647	9671048.84	1139	111.7	47.74688	111.7	109.817824	1.882176
762142.8956	9671044.91	1139	103.7	47.74688	103.7	109.817824	-6.117824
764000.2885	9671040.928	1187	103.7	49.75904	103.7	114.445792	-10.745792
765857.7038	9671036.917	1233	111.7	51.68736	111.7	118.880928	-7.180928
767704.0194	9671032.903	1267	125.5	53.11264	125.5	122.159072	3.340928
769561.48	9671028.836	1359	140.6	56.96928	140.6	131.029344	9.570656
771418.9637	9671024.741	1629	153.2	68.28768	153.2	157.061664	-3.861664
773265.3475	9671020.643	1997	158.5	83.71424	158.5	192.542752	-34.042752
775122.8774	9671016.492	1863	154.8	78.09696	154.8	179.623008	-24.823008
776980.4307	9671012.313	1547	141.9	64.85024	141.9	149.155552	-7.255552
778826.8843	9671008.131	1495	121.9	62.6704	121.9	144.14192	-22.24192
780684.4848	9671003.895	1633	99.9	68.45536	99.9	157.447328	-57.547328
782542.1092	9670999.632	1151	80	48.24992	80	110.974816	-30.974816
784388.634	9670995.366	717	67.5	30.05664	67.5	69.130272	-1.630272
786246.3066	9670991.046	839	65	35.17088	65	80.893024	-15.893024
788104.0035	9670986.698	1055	73.1	44.2256	73.1	101.71888	-28.61888
738050.792	9669257.875	871	109.8	36.51232	109.8	83.978336	25.821664
739896.7593	9669254.26	797	109.3	33.41024	109.3	76.843552	32.456448
741753.8673	9669250.594	859	114.5	36.00928	114.5	82.821344	31.678656
743610.9959	9669246.901	929	124.4	38.94368	124.4	89.570464	34.829536
745457.0245	9669243.202	975	137.2	40.872	137.2	94.0056	43.1944
747314.1946	9669239.452	1009	149.7	42.29728	149.7	97.283744	52.416256
749171.3858	9669235.673	1187	159	49.75904	159	114.445792	44.554208
751017.4771	9669231.89	1423	162.2	59.65216	162.2	137.199968	25.000032
752874.7107	9669228.055	1427	158.4	59.81984	158.4	137.585632	20.814368
754731.9659	9669224.192	1331	148.3	55.79552	148.3	128.329696	19.970304
756578.1213	9669220.324	1211	133.8	50.76512	133.8	116.759776	17.040224
758435.4198	9669216.404	1153	119.1	48.33376	119.1	111.167648	7.932352
760292.7404	9669212.456	1095	107.8	45.9024	107.8	105.57552	2.22448
762138.9613	9669208.504	1197	103.8	50.17824	103.8	115.409952	-11.609952
763996.3262	9669204.499	1241	108.4	52.02272	108.4	119.652256	-11.252256
765853.7136	9669200.467	1237	121.2	51.85504	121.2	119.266592	1.933408
767700.0014	9669196.43	1261	139.7	52.86112	139.7	121.580576	18.119424
769557.4341	9669192.341	1357	158.8	56.88544	158.8	130.836512	27.963488
771414.8898	9669188.223	1599	174.2	67.03008	174.2	154.169184	20.030816
773261.2459	9669184.102	1977	180.8	82.87584	180.8	190.614432	-9.814432
775118.7478	9669179.928	2113	176.2	88.57696	176.2	203.727008	-27.527008
776976.2732	9669175.726	1811	160.4	75.91712	160.4	174.609376	-14.209376
778822.699	9669171.52	1695	135.5	71.0544	135.5	163.42512	-27.92512
780680.2715	9669167.261	1633	107	68.45536	107	157.447328	-50.447328
782537.868	9669162.974	1229	79.8	51.51968	79.8	118.495264	-38.695264
784384.365	9669158.684	739	60	30.97888	60	71.251424	-11.251424
786242.0095	9669154.34	691	50.9	28.96672	50.9	66.623456	-15.723456
788099.6785	9669149.968	855	54.1	35.8416	54.1	82.43568	-28.33568
738047.1783	9667410.68	813	114.4	34.08096	114.4	78.386208	36.013792
739893.1176	9667407.045	1023	114.3	42.88416	114.3	98.633568	15.666432
741750.1974	9667403.36	981	118.7	41.12352	118.7	94.584096	24.115904
743607.2977	9667399.646	863	126.8	36.17696	126.8	83.207008	43.592992
745453.2982	9667395.926	923	137.3	38.69216	137.3	88.991968	48.308032
747310.4401	9667392.155	1051	147.3	44.05792	147.3	101.333216	45.966784
749167.603	9667388.355	1123	154.4	47.07616	154.4	108.275168	46.124832
751013.6662	9667384.551	1193	156.3	50.01056	156.3	115.024288	41.275712
752870.8716	9667380.695	1133	152.3	47.49536	152.3	109.239328	43.060672
754728.0985	9667376.81	1149	143	48.16608	143	110.781984	32.218016
756574.2258	9667372.92	1107	130.7	46.40544	130.7	106.732512	23.967488
758431.4961	9667368.979	1071	119.2	44.89632	119.2	103.261536	15.938464
760288.7884	9667365.009	1133	111.8	47.49536	111.8	109.239328	2.560672
762134.9812	9667361.035	1291	112	54.11872	112	124.473056	-12.473056
763992.3178	9667357.008	1403	121.1	58.81376	121.1	135.271648	-14.171648
765849.677	9667352.953	1407	138.1	58.98144	138.1	135.657312	2.442688
767695.9367	9667348.894	1439	160.2	60.32288	160.2	138.742624	21.457376
769553.3411	9667344.782	1527	182.1	64.01184	182.1	147.227232	34.872768
771410.7685	9667340.641	1555	199.1	65.1856	199.1	149.92688	49.17312
773257.0965	9667336.497	2075	205.9	86.984	205.9	200.0632	5.8368
775114.5701	9667332.3	2177	199.9	91.25984	199.9	209.897632	-9.997632
776972.0672	9667328.074	2049	181	85.89408	181	197.556384	-16.556384
778818.4649	9667323.845	1681	151.5	70.46752	151.5	162.075296	-10.575296
780676.0092	9667319.563	1253	117.3	52.52576	117.3	120.809248	-3.509248
782533.5774	9667315.251	1069	83.5	44.81248	83.5	103.068704	-19.568704
784380.0462	9667310.938	741	57.3	31.06272	57.3	71.444256	-14.144256
786237.6625	9667306.57	569	42.3	23.85248	42.3	54.860704	-12.560704
788095.3032	9667302.173	835	40.9	35.0032	40.9	80.50736	-39.60736
738043.5664	9665574.547	1015	118.7	42.5488	118.7	97.86224	20.83776
739889.4776	9665570.891	977	118.8	40.95584	118.8	94.198432	24.601568
741746.5291	9665567.185	885	122.4	37.0992	122.4	85.32816	37.07184
743603.6012	9665563.451	865	128.9	36.2608	128.9	83.39984	45.50016
745449.5737	9665559.711	991	137.1	41.54272	137.1	95.548256	41.551744
747306.6873	9665555.919	1057	144.9	44.30944	144.9	101.911712	42.988288
749163.822	9665552.099	1095	150.4	45.9024	150.4	105.57552	44.82448
751009.8571	9665548.273	1181	151.7	49.50752	151.7	113.867296	37.832704
752867.0343	9665544.396	1075	148.3	45.064	148.3	103.6472	44.6528
754724.2329	9665540.49	1017	141	42.63264	141	98.055072	42.944928
756570.3321	9665536.579	1045	131.8	43.8064	131.8	100.75472	31.04528
758427.5742	9665532.616	1097	124.2	45.98624	124.2	105.768352	18.431648
760284.8383	9665528.624	1215	121.1	50.9328	121.1	117.14544	3.95456
762131.003	9665524.628	1397	125.6	58.56224	125.6	134.693152	-9.093152
763988.3114	9665520.579	1555	138.6	65.1856	138.6	149.92688	-11.32688
765845.6423	9665516.502	1685	158.8	70.6352	158.8	162.46096	-3.66096
767691.8738	9665512.42	1637	183.4	68.62304	183.4	157.832992	25.567008
769549.25	9665508.285	1883	206.7	78.93536	206.7	181.551328	25.148672
771406.6492	9665504.122	2005	224.3	84.0496	224.3	193.31408	30.98592
773252.9491	9665499.955	2177	230.5	91.25984	230.5	209.897632	20.602368
775110.3945	9665495.735	2189	223	91.76288	223	211.054624	11.945376
776967.8633	9665491.486	1973	201.6	82.70816	201.6	190.228768	11.371232
778814.2329	9665487.234	1705	168.6	71.4736	168.6	164.38928	4.21072
780671.7489	9665482.927	1329	130	55.71168	130	128.136864	1.863136
782529.2888	9665478.593	1005	91.4	42.1296	91.4	96.89808	-5.49808
784375.7295	9665474.255	795	60.1	33.3264	60.1	76.65072	-16.55072
786233.3176	9665469.863	581	40.4	24.35552	40.4	56.017696	-15.617696
788090.93	9665465.442	819	35.1	34.33248	35.1	78.964704	-43.864704
738039.9127	9663727.351	889	121.1	37.26688	121.1	85.713824	35.386176
739885.7955	9663723.676	805	121.3	33.7456	121.3	77.61488	43.68512
741742.8185	9663719.95	869	124	36.42848	124	83.785504	40.214496
743599.862	9663716.195	949	128.8	39.78208	128.8	91.498784	37.301216
745445.8061	9663712.433	1123	135	47.07616	135	108.275168	26.724832
747302.8911	9663708.621	1153	140.9	48.33376	140.9	111.167648	29.732352
749159.9972	9663704.78	1261	145.4	52.86112	145.4	121.580576	23.819424
751006.004	9663700.933	1233	146.8	51.68736	146.8	118.880928	27.919072
752863.1525	9663697.034	1115	144.9	46.7408	144.9	107.50384	37.39616
754720.3226	9663693.107	1037	140.5	43.47104	140.5	99.983392	40.516608
756566.3934	9663689.175	1113	135.1	46.65696	135.1	107.311008	27.788992
758423.6069	9663685.19	1177	131.9	49.33984	131.9	113.481632	18.418368
760280.8424	9663681.176	1243	133.3	52.10656	133.3	119.845088	13.454912
762126.9787	9663677.158	1383	141.7	57.97536	141.7	133.343328	8.356672
763984.2585	9663673.087	1715	157.8	71.8928	157.8	165.35344	-7.55344
765841.5608	9663668.987	1963	180.1	82.28896	180.1	189.264608	-9.164608
767687.764	9663664.883	2089	205.8	87.57088	205.8	201.413024	4.386976
769545.1116	9663660.725	2321	229.5	97.29632	229.5	223.781536	5.718464
771402.4822	9663656.539	2373	246.7	99.47616	246.7	228.795168	17.904832
773248.7536	9663652.35	2347	252.1	98.38624	252.1	226.288352	25.811648
775106.1704	9663648.106	2323	243.4	97.38016	243.4	223.974368	19.425632
776963.6107	9663643.833	1871	220.4	78.43232	220.4	180.394336	40.005664
778809.9519	9663639.558	1429	185.5	59.90368	185.5	137.778464	47.721536
780667.4393	9663635.228	1209	144.7	50.68128	144.7	116.566944	28.133056
782524.9506	9663630.869	1011	103.2	42.38112	103.2	97.476576	5.723424
784371.3629	9663626.508	831	68.8	34.83552	68.8	80.121696	-11.321696
786228.9223	9663622.092	681	45.7	28.54752	45.7	65.659296	-19.959296
788086.5061	9663617.647	597	37.3	25.02624	37.3	57.560352	-20.260352
738036.2609	9661891.216	835	120.5	35.0032	120.5	80.50736	39.99264
739882.1153	9661887.521	867	120.7	36.34464	120.7	83.592672	37.107328
741739.1097	9661883.774	813	122.3	34.08096	122.3	78.386208	43.913792
743596.1247	9661879.999	723	125.4	30.30816	125.4	69.708768	55.691232
745442.0405	9661876.218	777	129.8	32.57184	129.8	74.915232	54.884768
747299.097	9661872.384	847	134.3	35.50624	134.3	81.664352	52.635648
749156.1745	9661868.522	1055	138.2	44.2256	138.2	101.71888	36.48112
751002.1529	9661864.655	1213	140.3	50.84896	140.3	116.952608	23.347392
752859.2729	9661860.735	1151	140.6	48.24992	140.6	110.974816	29.625184
754716.4144	9661856.786	1061	139.4	44.47712	139.4	102.297376	37.102624
756562.4568	9661852.832	1119	138.2	46.90848	138.2	107.889504	30.310496
758419.6418	9661848.826	1127	139.3	47.24384	139.3	108.660832	30.639168
760276.8487	9661844.79	1295	144.8	54.2864	144.8	124.85872	19.94128
762122.9566	9661840.75	1543	156.4	64.68256	156.4	148.769888	7.630112
763980.2078	9661836.657	1683	174.6	70.55136	174.6	162.268128	12.331872
765837.4816	9661832.534	1909	197.9	80.02528	197.9	184.058144	13.841856
767683.6564	9661828.408	2153	223.6	90.25376	223.6	207.583648	16.016352
769540.9754	9661824.228	2391	246.6	100.23072	246.6	230.530656	16.069344
771398.3174	9661820.019	2459	262.9	103.08128	262.9	237.086944	25.813056
773244.5605	9661815.807	2391	267.7	100.23072	267.7	230.530656	37.169344
775101.9487	9661811.54	2411	258.6	101.06912	258.6	232.458976	26.141024
776959.3603	9661807.244	1945	235.6	81.5344	235.6	187.52912	48.07088
778805.6731	9661802.946	1865	200.8	78.1808	200.8	179.81584	20.98416
780663.1319	9661798.592	1569	159.8	65.77248	159.8	151.276704	8.523296
782520.6147	9661794.21	1279	117.9	53.61568	117.9	123.316064	-5.416064
784366.9986	9661789.825	1099	82.3	46.07008	82.3	105.961184	-23.661184
786224.5294	9661785.384	831	57.4	34.83552	57.4	80.121696	-22.721696
788082.0846	9661780.915	505	46.5	21.1696	46.5	48.69008	-2.19008
738032.5892	9660055.081	949	116.7	39.78208	116.7	91.498784	25.201216
739878.4151	9660051.366	771	116.4	32.32032	116.4	74.336736	42.063264
741735.3809	9660047.599	565	116.8	23.6848	116.8	54.47504	62.32496
743592.3672	9660043.803	627	118.4	26.28384	118.4	60.452832	57.947168
745438.2543	9660040.001	809	121.1	33.91328	121.1	78.000544	43.099456
747295.2821	9660036.147	931	124.6	39.02752	124.6	89.763296	34.836704
749152.331	9660032.264	1061	128.4	44.47712	128.4	102.297376	26.102624
750998.2808	9660028.376	1079	131.7	45.23168	131.7	104.032864	27.667136
752855.3721	9660024.435	1079	134.4	45.23168	134.4	104.032864	30.367136
754712.4849	9660020.464	1041	136.7	43.63872	136.7	100.369056	36.330944
756558.4988	9660016.489	1077	139.6	45.14784	139.6	103.840032	35.759968
758415.655	9660012.461	1093	144.7	45.81856	144.7	105.382688	39.317312
760272.8332	9660008.404	1359	153.6	56.96928	153.6	131.029344	22.570656
762118.9126	9660004.342	1733	167.4	72.64736	167.4	167.088928	0.311072
763976.1351	9660000.226	1991	186.6	83.46272	186.6	191.964256	-5.364256
765833.3802	9659996.082	2171	209.6	91.00832	209.6	209.319136	0.280864
767679.5264	9659991.933	2377	234.2	99.64384	234.2	229.180832	5.019168
769536.8167	9659987.731	2357	256	98.80544	256	227.252512	28.747488
771394.1299	9659983.499	2273	271.2	95.28416	271.2	219.153568	52.046432
773240.3445	9659979.263	2147	275.6	90.00224	275.6	207.005152	68.594848
775097.704	9659974.974	2183	267.2	91.51136	267.2	210.476128	56.723872
776955.0869	9659970.655	2283	245.8	95.70336	245.8	220.117728	25.682272
778801.3711	9659966.333	2115	213.3	88.6608	213.3	203.91984	9.38016
780658.8012	9659961.956	1853	174.6	77.67776	174.6	178.658848	-4.058848
782516.2552	9659957.549	1665	134.5	69.7968	134.5	160.53264	-26.03264
784362.6105	9659953.141	1275	99.7	53.448	99.7	122.9304	-23.2304
786220.1126	9659948.676	949	74.3	39.78208	74.3	91.498784	-17.198784
788077.6391	9659944.183	775	61.7	32.488	61.7	74.7224	-13.0224
738028.8754	9658207.884	751	110.4	31.48192	110.4	72.408416	37.991584
739874.6725	9658204.149	513	109.5	21.50496	109.5	49.461408	60.038592
741731.6092	9658200.362	563	108.8	23.60096	108.8	54.282208	54.517792
743588.5664	9658196.545	599	109	25.11008	109	57.753184	51.246816
745434.4247	9658192.723	719	110.4	30.14048	110.4	69.323104	41.076896
747291.4235	9658188.848	685	113.2	28.7152	113.2	66.04496	47.15504
749148.4433	9658184.944	669	117.2	28.04448	117.2	64.502304	52.697696
750994.3643	9658181.034	783	121.8	32.82336	121.8	75.493728	46.306272
752851.4265	9658177.072	1065	126.9	44.6448	126.9	102.68304	24.21696
754708.5103	9658173.08	1013	132.3	42.46496	132.3	97.669408	34.630592
756554.4953	9658169.083	1021	138.8	42.80032	138.8	98.440736	40.359264
758411.6225	9658165.033	1061	147	44.47712	147	102.297376	44.702624
760268.7717	9658160.954	1297	158.2	54.37024	158.2	125.051552	33.148448
762114.8221	9658156.87	1717	173.2	71.97664	173.2	165.546272	7.653728
763972.0156	9658152.732	2057	192.2	86.22944	192.2	198.327712	-6.127712
765829.2316	9658148.565	2057	214	86.22944	214	198.327712	15.672288
767675.349	9658144.394	2295	236.6	96.2064	236.6	221.27472	15.32528
769532.6102	9658140.169	2385	256.6	99.9792	256.6	229.95216	26.64784
771389.8944	9658135.914	2117	270.7	88.74464	270.7	204.112672	66.587328
773236.0801	9658131.656	1957	275.4	82.03744	275.4	188.686112	86.713888
775093.4105	9658127.343	1815	268.7	76.0848	268.7	174.99504	93.70496
776950.7643	9658123.001	1979	250.5	82.95968	250.5	190.807264	59.692736
778797.0197	9658118.655	2097	222	87.90624	222	202.184352	19.815648
780654.4207	9658114.255	2129	187.5	89.24768	187.5	205.269664	-17.769664
782511.8456	9658109.825	1881	151	78.85152	151	181.358496	-30.358496
784358.1721	9658105.392	1491	118.6	62.50272	118.6	143.756256	-25.156256
786215.6451	9658100.904	1333	93.7	55.87936	93.7	128.522528	-34.822528
788073.1425	9658096.386	1111	79.8	46.57312	79.8	107.118176	-27.318176
738025.1639	9656371.748	571	102.5	23.93632	102.5	55.053536	47.446464
739870.9321	9656367.992	783	101	32.82336	101	75.493728	25.506272
741727.8398	9656364.185	691	99.4	28.96672	99.4	66.623456	32.776544
743584.7681	9656360.348	699	98.5	29.30208	98.5	67.394784	31.105216
745430.5975	9656356.505	497	99	20.83424	99	47.918752	51.081248
747287.5673	9656352.61	511	101.3	21.42112	101.3	49.268576	52.031424
749144.5581	9656348.685	515	105.6	21.5888	105.6	49.65424	55.94576
750990.4502	9656344.754	837	111.4	35.08704	111.4	80.700192	30.699808
752847.4834	9656340.771	1069	118.6	44.81248	118.6	103.068704	15.531296
754704.5382	9656336.758	999	126.7	41.87808	126.7	96.319584	30.380416
756550.4943	9656332.739	973	135.8	40.78816	135.8	93.812768	41.987232
758407.5925	9656328.668	1083	146.3	45.39936	146.3	104.418528	41.881472
760264.7126	9656324.567	1447	158.8	60.65824	158.8	139.513952	19.286048
762110.7342	9656320.461	1791	173.8	75.07872	173.8	172.681056	1.118944
763967.8987	9656316.301	1787	191.5	74.91104	191.5	172.295392	19.204608
765825.0857	9656312.112	1857	211	77.84544	211	179.044512	31.955488
767671.1741	9656307.918	2077	231.1	87.06784	231.1	200.256032	30.843968
769528.4064	9656303.67	2297	248.9	96.29024	248.9	221.467552	27.432448
771385.6615	9656299.393	2001	262	83.88192	262	192.928416	69.071584
773231.8183	9656295.112	1779	267.4	74.57568	267.4	171.524064	95.875936
775089.1197	9656290.776	1723	263.4	72.22816	263.4	166.124768	97.275232
776946.4445	9656286.41	1809	249.4	75.83328	249.4	174.416544	74.983456
778792.671	9656282.042	1979	226.4	82.95968	226.4	190.807264	35.592736
780650.0429	9656277.617	2221	197.7	93.10432	197.7	214.139936	-16.439936
782507.4388	9656273.164	1831	166.2	76.75552	166.2	176.537696	-10.337696
784353.7364	9656268.707	1497	137.1	62.75424	137.1	144.334752	-7.234752
786211.1803	9656264.195	1143	113.4	47.91456	113.4	110.203488	3.196512
788068.6487	9656259.653	905	98.4	37.9376	98.4	87.25648	11.14352
738021.41	9654524.55	721	94.8	30.22432	94.8	69.515936	25.284064
739867.149	9654520.774	557	92.9	23.34944	92.9	53.703712	39.196288
741724.0274	9654516.947	447	90.7	18.73824	90.7	43.097952	47.602048
743580.9263	9654513.089	421	89.2	17.64832	89.2	40.591136	48.608864
745426.7266	9654509.226	365	89	15.3008	89	35.19184	53.80816
747283.667	9654505.309	435	91.2	18.2352	91.2	41.94096	49.25904
749140.6285	9654501.363	479	95.8	20.07968	95.8	46.183264	49.616736
750986.4914	9654497.412	885	102.7	37.0992	102.7	85.32816	17.37184
752843.4953	9654493.407	1077	111.5	45.14784	111.5	103.840032	7.659968
754700.5207	9654489.372	979	121.4	41.03968	121.4	94.391264	27.008736
756546.4477	9654485.333	943	132.3	39.53056	132.3	90.920288	41.379712
758403.5164	9654481.239	1067	143.9	44.72864	143.9	102.875872	41.024128
760260.6072	9654477.116	1377	156.6	57.72384	156.6	132.764832	23.835168
762106.5997	9654472.988	1779	170.6	74.57568	170.6	171.524064	-0.924064
763963.7348	9654468.806	1597	186.1	66.94624	186.1	153.976352	32.123648
765820.8923	9654464.595	1753	202.8	73.48576	202.8	169.017248	33.782752
767666.9516	9654460.379	1859	219.9	77.92928	219.9	179.237344	40.662656
769524.1545	9654456.108	2151	235.3	90.16992	235.3	207.390816	27.909184
771381.3803	9654451.808	2151	247.4	90.16992	247.4	207.390816	40.009184
773227.5078	9654447.504	1817	253.7	76.16864	253.7	175.187872	78.512128
775084.7799	9654443.145	1697	252.7	71.13824	252.7	163.617952	89.082048
776942.0753	9654438.756	1791	243.6	75.07872	243.6	172.681056	70.918944
778788.2726	9654434.364	2123	226.7	88.99616	226.7	204.691168	22.008832
780645.6151	9654429.916	2135	204.1	89.4992	204.1	205.84816	-1.74816
782502.9816	9654425.438	1931	178.2	80.94752	178.2	186.179296	-7.979296
784349.25	9654420.958	1601	152.8	67.11392	152.8	154.362016	-1.562016
786206.6646	9654416.421	1393	130.4	58.39456	130.4	134.307488	-3.907488
788064.1036	9654411.855	1077	114.2	45.14784	114.2	103.840032	10.359968
738017.6586	9652688.413	485	88.2	20.3312	88.2	46.76176	41.43824
739863.3685	9652684.617	339	86.4	14.21088	86.4	32.685024	53.714976
741720.2176	9652680.769	367	84.1	15.38464	84.1	35.384672	48.715328
743577.0871	9652676.891	393	82.4	16.47456	82.4	37.891488	44.508512
745422.8583	9652673.007	437	82.1	18.31904	82.1	42.133792	39.966208
747279.7694	9652669.07	413	84.2	17.31296	84.2	39.819808	44.380192
749136.7015	9652665.103	559	89.2	23.43328	89.2	53.896544	35.303456
750982.5353	9652661.131	931	96.8	39.02752	96.8	89.763296	7.036704
752839.5098	9652657.105	1103	106.6	46.23776	106.6	106.346848	0.253152
754696.5059	9652653.049	959	117.6	40.20128	117.6	92.462944	25.137056
756542.4037	9652648.988	911	129.4	38.18912	129.4	87.834976	41.565024
758399.4432	9652644.873	1003	141.2	42.04576	141.2	96.705248	44.494752
760256.5046	9652640.728	1279	153.1	53.61568	153.1	123.316064	29.783936
762102.4679	9652636.578	1497	165.3	62.75424	165.3	144.334752	20.965248
763959.5736	9652632.374	1367	178.1	57.30464	178.1	131.800672	46.299328
765816.7019	9652628.14	1661	191.5	69.62912	191.5	160.146976	31.353024
767662.732	9652623.902	1839	205.2	77.09088	205.2	177.309024	27.890976
769519.9055	9652619.608	2053	218.2	86.06176	218.2	197.942048	20.257952
771377.1019	9652615.285	2041	229.2	85.55872	229.2	196.785056	32.414944
773223.2003	9652610.959	1879	236.3	78.76768	236.3	181.165664	55.134336
775080.443	9652606.576	1715	238.3	71.8928	238.3	165.35344	72.94656
776937.7091	9652602.164	1759	233.9	73.73728	233.9	169.595744	64.304256
778783.8771	9652597.749	1883	223	78.93536	223	181.551328	41.448672
780641.1904	9652593.277	1967	206.6	82.45664	206.6	189.650272	16.949728
782498.5275	9652588.776	2007	186	84.13344	186	193.506912	-7.506912
784344.7667	9652584.272	1663	164.2	69.71296	164.2	160.339808	3.860192
786202.1519	9652579.711	1483	143	62.16736	143	142.984928	0.015072
788059.5615	9652575.121	1279	125.3	53.61568	125.3	123.316064	1.983936